12345
90 62
52 144
96 39
34 73
27 179
79 16
111 133
59 47
177 153
39 9
174 107
19 175
63 83
7 180
142 18
57 192
22 132
94 120
30 138
10 81
64 17
135 157
55 8
186 86
112 137
175 47
46 157
125 140
142 77
91 134
39 112
114 57
53 37
112 134
9 39
77 184
185 108
145 80
30 183
126 116
149 62
107 94
24 131
122 57
113 141
19 186
180 44
16 97
64 170
164 32
183 44
86 55
160 118
117 194
17 3
199 83
149 131
70 8
155 200
24 28
142 6
162 47
37 2
84 7
120 183
37 158
11 126
39 98
146 66
60 134
178 156
174 77
12 147
144 152
76 199
154 177
95 162
37 155
140 83
26 177
25 59
81 198
152 160
93 179
42 44
153 97
139 28
21 86
198 75
189 67
92 188
4 173
159 100
84 148
177 127
194 129
31 41
77 84
26 117
196 4
143 148
88 190
127 45
191 162
158 32
193 91
121 144
102 45
78 92
102 125
85 153
104 17
196 143
58 40
80 47
26 89
49 121
111 158
93 64
69 173
190 11
120 171
139 1
45 180
87 23
87 151
34 114
6 177
109 65
194 25
3 195
3 4
37 68
166 70
41 124
66 74
79 198
134 56
123 18
48 101
26 106
43 30
13 118
44 171
191 197
9 185
54 137
59 92
85 86
77 190
29 120
196 87
85 69
140 93
138 179
26 87
111 85
87 105
16 45
184 56
20 46
134 194
175 69
107 53
159 170
18 58
11 113
122 53
71 6
117 166
72 88
39 72
128 190
14 85
43 161
49 153
95 163
19 75
155 3
50 19
11 180
66 134
47 175
99 49
191 49
132 5
97 109
130 116
31 179
21 22
49 50
195 32
48 156
65 76
27 184
105 172
108 157
158 163
104 160
57 25
67 93
167 136
27 57
79 23
11 172
28 160
179 178
51 32
97 43
91 8
174 49
93 133
123 171
96 147
73 7
61 143
159 22
76 61
68 146
168 73
109 63
192 45
119 148
188 11
138 144
154 17
69 51
74 79
21 125
17 133
197 121
190 108
23 87
42 137
139 23
68 24
129 134
88 18
63 133
6 182
30 178
131 47
156 142
167 36
104 195
179 188
26 97
104 120
15 78
3 146
6 34
42 128
23 64
169 69
15 182
74 177
39 29
81 110
177 182
147 24
10 58
38 180
185 109
108 18
192 198
51 68
138 165
63 43
179 136
165 127
20 134
120 168
106 9
176 21
127 99
46 189
105 77
7 73
43 37
74 140
103 6
45 106
5 55
128 178
63 10
69 191
128 61
42 112
118 13
96 32
86 46
160 132
121 17
84 155
12 116
91 163
94 96
36 57
16 117
15 118
99 125
7 141
164 123
72 172
69 10
1 18
141 97
167 93
134 23
37 13
178 24
187 37
166 82
104 37
88 163
114 116
75 125
186 57
166 50
20 22
38 179
47 3
134 196
27 21
88 117
154 25
121 40
46 2
174 173
125 172
8 129
200 2
195 122
65 161
152 177
146 128
153 5
58 182
51 158
102 160
33 156
172 196
32 89
10 110
133 31
64 109
112 101
44 109
135 25
168 148
114 163
174 65
66 96
74 198
96 76
36 185
181 23
184 187
194 158
104 90
168 178
61 127
99 20
78 176
75 6
39 26
196 119
20 197
5 171
115 167
25 77
9 6
138 91
73 5
160 93
156 27
72 21
83 112
16 146
49 99
181 90
58 121
4 48
104 61
174 91
59 148
179 169
170 170
163 47
45 130
55 177
25 51
8 22
180 193
200 72
161 21
96 152
50 117
41 48
7 11
139 23
47 12
104 32
27 139
94 151
76 70
113 152
9 116
36 169
80 50
148 195
48 62
32 194
103 37
112 3
153 168
179 80
90 44
138 103
49 153
109 188
48 43
180 75
47 153
52 87
35 122
12 48
143 138
116 196
124 5
12 154
169 50
30 24
74 17
126 144
40 180
89 43
126 65
138 184
36 129
137 110
62 82
22 16
183 104
162 151
62 174
167 90
101 45
56 71
25 134
48 160
186 159
142 137
153 199
33 135
188 111
82 23
180 1
26 146
32 3
64 48
95 193
182 136
79 63
187 152
115 110
146 178
40 26
191 141
140 69
149 62
189 200
3 193
162 3
32 38
170 91
34 3
22 96
140 21
52 60
88 49
108 104
85 175
142 107
162 65
49 47
193 103
137 15
91 105
184 27
94 16
35 1
11 143
171 28
130 66
88 127
186 177
104 5
76 171
72 144
173 61
200 53
5 33
157 33
78 17
34 168
83 130
140 181
106 185
45 181
107 157
155 141
179 45
111 38
145 100
158 90
177 77
145 183
10 195
142 132
49 107
65 65
39 19
33 52
1 152
93 68
7 102
122 155
102 99
160 162
90 168
63 115
71 15
109 83
104 117
3 138
63 145
111 56
65 112
131 88
39 20
161 14
58 182
92 188
159 157
24 196
26 159
97 76
89 152
145 124
81 33
129 83
57 129
155 172
5 195
7 44
118 85
156 15
84 28
173 167
25 162
157 199
101 186
92 72
116 112
151 157
138 139
194 1
106 53
133 101
66 196
92 51
192 101
114 163
50 103
75 30
150 49
77 136
38 113
69 8
179 168
22 199
189 49
160 4
157 100
8 133
121 128
39 100
17 43
37 9
73 60
175 133
101 61
99 92
192 61
172 151
169 153
64 28
4 123
27 11
188 139
56 62
104 16
159 115
117 157
81 22
16 131
45 92
90 75
186 97
197 50
162 173
90 122
56 119
111 11
72 85
90 100
97 180
1 40
39 112
86 142
59 152
24 62
46 188
142 157
163 146
187 103
112 53
76 183
184 158
162 84
124 77
36 192
158 132
138 49
193 170
131 181
85 54
117 60
137 20
178 14
187 61
117 153
190 144
185 7
192 63
190 45
156 121
86 87
17 136
21 10
155 76
62 53
87 28
153 101
23 39
90 125
139 35
31 161
200 13
102 69
174 149
169 14
12 42
196 115
200 184
141 200
50 84
37 49
179 159
176 160
143 94
18 114
156 176
200 30
137 150
185 130
180 112
128 77
174 66
164 6
109 81
184 159
14 148
200 101
147 117
107 27
169 31
81 120
135 53
26 7
33 79
183 83
195 102
13 79
56 108
87 184
179 157
170 41
41 11
130 15
111 179
101 163
174 117
131 162
143 94
26 48
72 6
200 38
23 41
19 114
102 107
51 174
131 127
57 147
44 160
197 165
116 147
69 11
118 54
194 73
15 128
111 51
30 6
26 117
33 42
50 191
156 54
72 161
81 20
92 13
41 99
138 86
74 80
65 9
186 70
59 40
57 99
7 158
194 65
178 108
157 43
19 17
26 113
15 186
196 80
163 169
96 3
48 66
89 86
163 62
147 132
49 32
15 118
51 25
42 194
9 97
102 58
92 89
167 163
162 137
127 182
54 73
168 22
73 96
123 181
110 56
107 47
80 153
17 62
42 54
149 66
47 154
138 146
116 198
184 165
142 128
76 143
97 88
197 38
158 144
123 68
145 144
193 171
108 121
132 116
143 74
75 97
83 125
149 102
13 49
60 180
178 65
171 77
5 43
155 98
165 109
134 39
80 183
181 6
133 139
41 38
146 77
192 121
58 126
145 13
168 34
95 31
4 40
36 157
153 163
102 140
63 66
31 45
126 185
7 35
51 167
14 43
14 79
67 111
194 15
173 125
32 129
197 120
95 46
107 67
78 83
194 67
26 102
114 124
124 23
9 173
19 17
24 10
176 99
32 26
100 110
130 48
138 22
62 158
52 18
34 110
114 177
121 49
107 135
17 39
100 68
88 127
160 71
193 116
151 129
38 190
55 89
153 176
125 167
86 111
155 69
80 142
26 28
18 105
49 164
41 193
136 148
116 36
145 152
60 134
114 1
87 117
163 85
66 110
3 77
171 45
31 69
150 64
112 116
101 117
48 92
75 36
4 57
21 12
76 195
88 86
94 137
23 63
126 173
34 99
96 35
50 146
110 115
158 149
86 73
96 196
66 82
189 148
26 34
151 33
147 98
99 184
157 72
151 133
149 47
175 19
72 32
17 158
162 188
110 102
29 189
183 123
47 114
52 35
191 122
30 139
142 24
107 47
107 40
145 59
61 73
49 93
54 161
38 166
144 115
191 195
191 139
160 50
119 54
76 60
17 41
168 161
141 196
74 61
191 32
96 88
39 193
55 121
137 23
39 105
82 44
172 167
163 81
48 54
144 72
187 14
24 3
1 124
53 1
79 67
145 48
164 17
197 26
145 118
24 169
122 137
71 18
121 69
184 9
146 174
60 54
149 173
196 39
78 54
148 187
134 152
178 18
126 117
34 87
145 24
34 89
147 72
117 128
10 136
145 196
129 170
30 180
186 74
81 171
154 74
154 43
71 1
81 12
148 78
174 170
181 141
28 163
167 11
130 122
8 197
66 90
126 99
137 188
24 199
154 27
32 156
89 29
71 55
49 74
165 194
101 4
64 131
199 39
51 197
163 20
117 115
62 159
87 160
67 126
172 32
49 185
28 20
138 125
95 98
177 129
148 106
97 149
74 127
183 9
178 184
33 65
16 62
15 163
40 49
105 29
139 196
36 132
181 43
1 165
93 185
37 79
51 31
158 73
1 82
60 33
132 164
56 138
118 122
94 2
159 22
5 138
178 50
106 78
108 32
195 200
89 168
193 5
130 93
62 59
72 24
114 186
198 113
40 22
154 93
136 137
89 159
18 182
75 34
199 197
185 139
130 177
109 62
164 96
180 55
197 16
103 63
148 79
18 153
53 189
60 40
67 58
10 149
108 74
39 91
117 9
152 198
27 167
85 71
99 45
90 62
112 196
68 59
90 175
97 199
186 127
42 76
148 23
74 32
119 91
19 130
83 32
198 89
50 17
82 163
194 119
173 156
41 99
135 174
5 88
117 124
147 47
186 193
159 6
176 153
53 135
37 18
25 99
75 169
73 10
135 19
23 41
13 17
166 69
106 186
14 35
98 178
67 129
5 161
177 193
89 112
120 106
79 200
30 91
154 189
75 8
192 168
12 27
200 40
198 174
82 10
65 40
141 85
107 164
192 50
35 199
2 75
189 183
105 48
147 58
198 61
39 156
27 87
129 164
115 164
5 178
33 80
163 40
95 49
113 151
1 87
131 19
196 46
22 92
95 172
190 8
199 153
44 171
166 100
173 90
144 96
103 27
95 55
60 29
102 108
65 120
67 142
71 89
189 24
124 142
58 2
163 23
120 121
134 178
125 117
98 14
94 83
115 7
50 172
93 134
131 185
91 137
122 196
25 158
149 20
189 57
2 71
132 95
101 89
138 170
102 106
66 13
99 182
156 180
175 53
151 104
4 100
102 160
12 40
141 140
100 71
105 115
195 141
74 40
14 7
143 127
171 87
26 159
190 30
178 105
43 129
172 52
189 82
146 175
115 139
85 19
88 193
34 34
83 182
108 181
78 112
146 77
31 58
51 162
151 67
23 71
32 116
188 140
154 110
93 171
32 144
66 19
93 142
109 150
35 39
168 146
46 43
123 48
5 106
192 57
2 84
68 10
57 86
99 179
119 98
117 106
131 140
131 34
87 41
164 156
134 56
142 7
22 162
61 15
57 62
84 73
200 171
156 148
159 108
199 139
174 144
156 120
121 188
191 48
154 179
141 113
9 68
54 113
43 43
119 159
155 168
153 117
28 36
43 118
158 114
26 64
35 120
129 57
9 43
159 112
42 116
92 141
153 38
110 47
33 185
2 90
193 74
190 162
84 171
147 93
114 196
57 45
88 143
171 86
5 73
102 141
102 96
152 168
166 130
176 189
87 98
189 10
50 52
3 164
51 69
55 40
30 80
191 104
159 50
1 41
179 23
183 179
13 30
178 161
71 172
122 75
51 152
137 59
139 57
59 149
99 158
93 45
146 21
132 176
12 10
21 90
109 182
67 122
62 149
145 92
182 179
159 43
190 115
115 94
80 78
21 176
25 20
138 16
21 110
1 129
180 111
28 140
117 136
191 157
134 179
114 79
139 92
32 150
29 19
194 38
10 46
156 181
78 62
156 41
65 62
125 177
85 71
16 53
95 130
32 7
30 130
45 191
71 10
44 138
72 200
168 51
113 106
105 5
10 50
187 125
176 94
174 37
80 12
192 175
109 1
180 8
72 108
33 108
143 3
10 178
103 14
62 70
99 97
144 90
170 167
176 165
120 164
17 181
99 87
156 81
22 137
156 196
200 83
65 23
89 165
6 198
30 190
149 129
152 51
9 102
200 156
125 38
149 140
32 122
29 36
43 191
99 39
139 68
82 184
135 54
101 107
185 30
94 127
183 134
137 87
37 119
43 94
128 152
88 47
93 27
141 32
73 45
105 57
92 3
5 120
177 90
43 170
160 183
100 103
152 148
72 55
190 198
155 74
118 150
32 91
65 119
143 127
41 126
145 17
3 177
180 119
9 53
81 102
8 63
93 103
147 50
111 24
146 128
155 138
66 106
74 155
44 180
84 7
97 150
162 104
47 77
1 11
124 187
192 171
178 26
125 152
25 12
36 168
18 5
92 176
56 25
4 43
5 74
125 186
110 82
34 20
102 113
150 42
144 99
156 64
146 43
92 138
55 10
21 46
94 74
146 140
166 71
17 79
111 147
96 77
80 154
178 176
14 65
71 187
113 90
133 48
37 133
158 43
111 41
139 128
142 130
146 60
34 97
187 95
119 111
66 63
196 69
99 106
129 116
76 22
121 77
23 88
130 139
146 139
160 197
92 110
172 123
9 131
140 191
75 19
120 123
139 87
41 14
107 150
143 178
75 74
90 76
96 11
6 111
34 97
51 84
60 125
62 175
95 160
82 193
183 106
24 15
38 180
74 149
136 103
129 5
20 98
164 188
95 181
45 86
65 98
110 21
139 145
175 47
16 119
138 180
45 110
138 9
84 85
193 130
178 40
147 138
47 166
174 15
165 114
64 3
66 41
171 191
73 104
6 6
80 174
6 56
141 131
80 197
190 17
34 194
156 194
63 47
167 90
163 66
70 37
180 120
197 125
124 140
114 39
166 175
23 130
174 28
97 174
17 29
194 86
109 143
27 117
85 149
144 190
148 187
6 80
9 154
160 56
54 169
191 180
27 74
102 149
140 66
59 72
198 33
12 51
140 66
40 160
154 16
82 149
88 10
123 122
97 137
146 10
21 61
193 1
39 184
112 45
179 9
67 160
145 102
169 151
7 112
186 97
117 65
15 136
138 4
79 15
75 10
101 136
184 158
136 144
95 187
167 135
31 121
174 88
9 182
190 136
174 158
115 25
197 127
111 173
20 50
29 172
43 107
96 37
132 54
136 200
25 45
143 58
148 52
172 148
56 60
127 112
132 70
147 114
46 95
31 82
42 33
98 139
29 33
42 18
141 36
100 130
174 135
161 54
131 168
168 53
60 183
131 35
158 172
5 200
75 76
82 140
179 94
172 143
56 35
175 108
48 170
49 92
150 169
77 107
178 75
178 190
168 189
191 71
183 90
186 76
143 75
153 158
157 48
111 139
118 125
3 144
97 2
171 198
74 193
121 183
75 126
198 157
51 185
86 179
49 52
54 20
39 119
52 97
73 146
186 87
197 67
168 96
149 37
186 147
109 193
100 108
124 129
99 180
194 174
122 63
22 176
118 46
64 76
200 164
87 178
32 61
16 44
180 30
129 103
72 38
129 99
172 125
6 56
53 91
189 28
113 35
150 111
31 101
94 44
47 165
57 64
7 2
64 11
71 2
11 21
10 89
136 181
29 54
35 19
14 168
138 50
112 17
179 111
89 122
196 57
75 37
122 160
120 142
170 126
5 125
191 181
93 55
106 89
171 79
90 19
176 149
88 102
155 150
151 36
117 153
27 149
171 96
48 91
158 25
90 160
98 158
199 46
51 152
180 21
102 120
163 188
190 52
56 185
155 4
176 183
61 153
112 160
40 59
182 7
53 200
10 41
178 94
32 27
185 84
195 54
79 178
93 20
158 197
132 47
53 100
122 61
45 38
165 37
25 2
92 40
164 40
51 119
53 126
47 165
42 158
66 7
133 76
194 159
126 57
144 175
101 159
140 127
60 191
59 46
26 144
105 171
121 24
82 12
179 90
88 74
85 89
104 128
78 4
155 4
119 79
59 148
137 60
134 102
124 63
38 64
17 66
103 168
166 49
124 197
68 31
101 13
154 71
77 99
153 125
171 78
162 43
126 72
11 6
106 68
34 1
117 114
83 35
7 189
62 25
139 32
72 144
5 28
89 175
114 109
155 53
139 79
88 53
80 46
17 102
160 133
62 113
169 137
94 14
103 94
119 188
113 192
32 41
63 164
179 177
172 161
114 148
24 69
193 43
177 106
186 41
190 69
161 136
175 118
150 44
49 55
112 46
75 121
134 27
91 117
38 161
171 182
38 88
188 199
101 36
8 70
122 18
138 183
78 200
196 23
190 12
127 131
27 154
72 165
46 142
182 161
17 101
61 191
64 195
148 81
76 132
156 77
12 2
185 84
7 148
168 164
76 115
156 186
180 171
152 182
196 68
3 59
47 92
92 99
149 21
32 90
120 153
55 128
173 73
150 132
187 43
82 183
146 190
133 193
18 64
92 37
24 190
175 197
79 9
198 79
2 80
126 91
9 26
160 143
129 21
156 79
187 112
78 154
124 157
151 160
47 118
108 89
59 21
140 192
55 57
95 52
161 191
107 172
86 54
55 38
94 185
35 181
16 166
200 40
127 188
49 199
66 24
76 106
135 162
167 100
131 113
33 73
71 51
150 60
116 181
124 181
30 38
88 20
59 119
60 158
136 194
120 91
96 68
94 141
100 192
48 140
121 112
16 57
188 3
181 101
158 24
38 159
68 122
85 120
37 165
73 182
49 85
192 3
96 4
58 143
93 20
166 37
42 8
59 126
80 34
156 145
77 33
126 101
143 188
58 154
46 162
198 141
177 73
137 59
148 62
84 168
79 198
123 95
57 108
1 74
178 131
108 187
21 94
26 18
3 41
83 61
140 79
51 77
30 137
110 108
117 198
196 6
123 120
99 166
174 36
46 97
23 196
144 22
68 91
100 20
152 139
107 49
73 170
25 132
24 112
38 73
23 199
187 45
128 9
41 84
112 114
48 156
14 199
136 24
75 197
106 33
141 136
31 184
73 81
51 134
91 45
111 107
136 22
141 91
176 170
35 74
162 3
76 123
3 165
109 109
171 70
164 128
46 158
128 80
1 58
149 182
7 1
120 43
193 67
17 186
161 160
112 186
188 6
195 101
100 142
123 106
167 1
105 80
30 12
176 48
100 199
107 1
167 112
128 68
51 80
33 128
14 45
50 100
104 123
80 131
149 122
56 169
94 65
178 176
21 108
191 119
56 157
58 60
176 116
148 37
109 126
107 61
23 22
50 26
41 156
181 179
41 38
18 152
98 103
147 171
8 40
107 111
9 176
83 1
187 170
65 193
88 111
43 143
197 38
30 129
78 82
125 171
104 57
6 10
2 49
56 165
2 36
134 165
179 79
122 8
182 195
171 88
59 156
195 15
191 122
118 124
154 188
50 75
4 17
185 148
164 121
132 189
53 167
66 55
189 107
37 127
3 36
79 70
42 22
58 45
94 151
40 176
34 189
160 148
164 7
190 52
190 184
66 130
122 165
200 167
127 76
76 102
194 2
108 79
29 82
36 176
116 94
164 181
184 31
137 15
184 176
168 147
200 22
31 29
187 83
104 131
83 111
135 128
108 152
45 127
108 24
76 34
54 188
152 6
17 22
100 110
161 120
91 117
127 54
32 124
64 14
116 136
186 57
187 86
177 174
173 130
92 130
15 121
193 4
37 127
191 67
4 173
185 34
113 124
83 116
92 163
35 185
87 152
135 121
184 114
146 38
92 11
84 120
53 178
123 57
106 56
123 78
183 97
193 101
68 147
35 120
46 104
182 135
9 72
92 77
185 63
53 88
136 106
12 72
178 102
168 73
157 12
135 145
138 26
84 33
54 196
188 151
151 31
51 132
60 52
152 48
55 195
1 130
18 171
5 95
83 148
190 72
193 64
9 20
76 9
154 192
90 99
191 81
156 18
61 30
162 18
179 39
120 81
121 78
78 26
163 83
185 63
40 139
8 182
163 182
184 197
12 17
118 86
54 86
186 84
190 40
122 102
122 122
119 12
57 7
165 144
181 31
13 149
14 64
150 2
45 82
45 193
137 21
90 138
113 128
94 100
1 93
139 182
1 134
104 172
23 82
126 74
151 54
42 81
132 178
63 47
117 171
69 148
200 144
70 30
18 62
136 111
27 195
107 32
142 39
131 176
191 36
49 145
22 109
144 36
155 16
143 150
65 144
65 151
192 2
41 75
169 66
88 169
121 49
15 153
139 116
126 133
191 168
181 196
34 15
95 139
42 67
12 173
144 145
128 30
30 101
21 194
27 11
3 173
154 180
8 99
85 156
32 141
123 169
44 101
57 5
124 158
64 27
35 191
43 122
33 52
127 155
61 157
149 163
12 76
39 168
67 159
164 111
123 31
36 24
88 54
138 101
149 5
7 81
161 138
141 123
156 35
42 175
113 126
10 178
111 8
126 188
34 98
3 195
108 107
50 143
122 157
58 154
90 41
129 136
22 56
25 24
12 55
6 194
156 105
56 135
13 67
112 29
142 91
167 58
87 176
147 40
68 130
36 27
36 99
67 155
7 45
78 132
4 71
4 166
52 53
78 45
174 179
146 137
89 10
11 159
45 42
10 97
200 17
52 146
47 159
88 75
96 186
129 174
126 186
30 33
133 152
157 197
16 20
7 2
74 69
40 158
99 119
20 74
11 193
47 132
162 40
128 113
136 128
122 162
190 16
164 125
69 33
135 78
172 77
92 194
37 109
39 105
13 130
176 162
130 56
24 150
128 126
66 40
77 133
144 133
72 66
113 110
135 105
103 117
164 4
162 95
156 76
147 38
39 200
123 103
198 116
163 22
198 126
178 119
10 104
47 158
6 1
175 95
148 41
35 74
88 30
166 84
31 174
73 196
166 194
165 74
93 130
106 39
51 88
100 171
52 45
56 114
10 73
21 139
154 94
124 132
185 53
103 143
38 196
146 162
41 181
63 153
170 63
32 34
31 140
87 169
87 100
47 18
173 157
171 74
88 33
58 127
183 147
193 80
107 80
169 198
153 26
67 100
109 22
76 29
143 14
111 181
151 128
169 37
196 129
157 162
6 70
195 69
71 86
75 47
68 131
184 191
30 58
54 73
161 143
4 79
38 38
53 60
192 19
102 40
168 76
163 190
145 110
133 8
89 13
83 7
197 112
186 30
181 16
12 70
125 41
126 167
71 150
81 121
25 194
108 193
190 86
193 73
94 6
42 192
152 110
176 146
126 9
190 111
67 64
77 113
75 103
65 44
92 173
134 179
71 176
146 152
140 174
49 42
39 120
22 8
159 20
16 103
25 82
193 28
195 157
82 29
101 157
43 9
147 7
2 147
134 101
135 42
129 34
22 38
136 111
178 101
38 5
17 93
49 133
151 31
164 56
57 44
174 165
108 183
128 63
151 96
132 73
175 46
119 170
56 22
20 19
107 73
92 76
3 193
16 186
122 169
178 41
161 137
121 140
73 74
138 46
83 154
102 197
127 128
13 114
178 61
22 133
42 166
155 198
117 122
1 115
57 38
191 72
169 71
92 33
160 133
92 118
90 26
96 21
168 167
53 80
161 156
115 77
46 115
35 90
66 172
25 82
35 122
112 163
43 137
87 83
140 174
119 44
46 121
179 128
123 102
164 154
81 27
198 36
163 48
156 41
199 84
137 154
66 167
145 105
35 119
32 10
140 49
70 89
84 160
198 78
171 11
38 179
184 76
111 190
102 14
63 136
21 179
165 180
174 7
112 84
42 48
42 114
10 180
116 18
149 5
163 27
99 76
66 86
85 119
152 86
126 110
97 118
45 142
134 13
102 61
151 181
145 197
178 128
32 126
138 192
136 102
47 75
87 160
32 64
75 103
99 169
34 97
125 39
125 183
92 40
88 49
129 184
160 5
111 63
30 196
135 192
136 128
158 165
64 10
170 118
11 76
175 9
76 79
43 52
62 198
22 51
128 141
95 43
153 64
184 108
174 97
49 45
23 20
41 183
45 26
128 191
138 88
106 97
44 152
77 106
164 89
125 107
117 170
131 108
52 184
105 154
64 15
136 29
122 117
2 32
144 76
41 152
46 111
158 103
94 106
146 171
52 177
114 141
15 181
43 65
165 186
140 3
137 141
91 51
191 172
101 149
171 144
143 196
95 50
75 85
192 92
91 72
70 40
200 73
54 10
15 124
53 59
124 119
86 193
39 186
91 2
194 55
92 195
95 118
177 124
128 88
98 25
119 11
182 24
122 36
87 57
72 125
141 96
82 5
50 127
200 77
117 141
124 136
170 32
19 86
168 191
158 92
34 44
164 119
119 129
154 38
147 70
87 143
85 59
197 78
33 154
116 174
168 34
54 186
130 48
116 17
40 191
61 129
145 134
114 95
98 36
180 139
107 80
44 72
62 9
182 55
163 142
150 29
57 58
112 6
152 1
67 9
135 49
182 146
124 37
166 65
63 59
138 10
131 122
161 200
175 75
64 158
61 36
194 147
127 53
1 27
61 153
190 153
111 77
196 28
132 154
193 114
72 128
8 59
197 63
4 69
199 25
7 169
118 45
14 86
153 109
107 15
149 192
180 194
36 88
32 122
13 163
145 48
129 141
189 32
61 91
101 108
140 154
106 125
78 108
101 114
60 108
24 65
16 41
154 61
7 177
98 181
109 127
107 189
4 87
89 68
167 77
35 59
116 48
170 121
90 184
160 86
170 158
122 169
77 40
109 132
29 142
181 132
57 22
78 72
91 96
67 46
7 5
178 163
35 146
160 195
160 86
199 145
8 105
22 107
63 191
44 132
108 76
185 67
97 93
147 18
119 129
35 53
116 11
54 103
126 196
37 140
183 179
112 126
130 164
22 23
123 197
22 151
170 5
98 5
185 193
182 181
63 114
13 143
132 162
69 119
167 59
126 186
100 24
67 156
138 182
90 62
26 152
105 132
94 10
144 85
97 25
12 164
192 118
85 17
21 6
98 182
117 76
38 140
147 41
46 53
163 162
7 101
133 129
170 161
161 121
77 173
113 63
128 161
115 41
186 20
156 134
73 155
111 135
160 104
119 138
200 75
159 60
90 100
156 96
37 143
137 124
113 133
48 62
1 117
96 10
197 144
11 46
36 148
128 14
135 51
155 132
171 180
65 116
143 96
149 172
140 86
29 84
78 82
57 107
122 169
170 4
1 69
68 30
64 78
199 52
57 145
105 71
126 155
120 95
97 97
45 97
13 40
96 132
85 30
2 4
63 90
160 110
153 159
130 95
2 32
98 50
127 40
192 179
72 27
170 7
154 22
104 125
37 5
49 139
107 184
166 62
3 98
164 153
124 199
136 78
98 97
104 74
138 66
142 112
32 161
35 189
60 168
5 3
157 151
137 185
153 177
164 191
197 60
196 49
82 11
156 81
184 152
177 83
189 49
22 175
135 29
195 13
171 132
24 53
39 73
92 71
83 120
36 15
81 9
111 120
114 194
81 188
133 66
199 25
168 110
139 195
163 17
1 106
121 165
113 189
87 136
48 156
49 165
131 76
185 66
163 197
162 130
17 131
108 192
130 43
196 137
80 195
146 92
182 95
96 170
23 167
66 52
46 119
194 193
182 54
162 18
63 95
185 169
148 140
82 76
141 1
60 174
82 118
53 195
11 102
50 14
23 100
36 55
92 152
176 90
84 132
50 91
97 184
171 152
195 142
141 83
97 8
82 173
66 140
165 159
174 65
128 95
94 174
10 49
168 181
21 167
79 183
145 64
114 198
77 46
164 170
83 26
119 146
183 85
12 169
32 102
130 79
70 104
116 149
174 138
25 154
195 164
153 143
23 142
93 4
103 103
72 73
97 13
128 29
155 79
195 128
149 124
122 176
24 79
47 13
35 90
129 42
173 196
195 37
163 8
69 135
132 177
114 85
103 115
119 111
24 190
134 169
88 46
27 117
87 155
22 114
72 117
82 194
13 9
80 39
81 54
48 3
134 43
143 177
92 169
28 18
178 73
68 16
192 129
127 58
39 186
39 35
70 37
198 4
49 186
81 62
116 28
158 41
139 159
45 128
147 157
134 132
187 63
95 3
42 65
94 53
139 128
104 188
31 166
119 166
87 47
189 141
20 156
94 1
34 1
23 189
50 137
199 158
4 158
143 71
7 138
179 74
126 193
110 19
100 65
155 142
126 184
60 200
185 81
34 123
93 13
4 135
65 7
143 11
136 44
195 115
19 9
174 71
157 102
193 131
96 157
184 179
81 64
137 200
90 144
18 58
50 109
173 80
65 72
199 174
155 42
50 120
42 30
150 114
20 138
86 112
199 62
163 175
145 150
169 94
127 164
193 4
124 43
8 189
130 51
28 89
164 72
71 189
38 102
10 26
145 87
41 23
93 113
6 53
143 163
166 82
50 83
149 85
165 94
124 6
101 152
165 126
166 11
112 75
115 79
20 129
125 164
130 2
26 136
5 77
69 125
61 109
173 103
40 76
88 57
9 5
98 98
30 168
52 118
110 130
32 169
162 104
113 19
190 10
6 11
13 144
124 160
111 23
49 181
101 16
51 96
40 154
156 181
17 163
95 156
121 50
171 68
150 177
63 87
164 110
102 108
68 158
128 14
45 179
75 176
135 112
76 77
91 4
94 157
172 42
58 40
88 128
144 59
52 162
42 114
192 80
60 21
191 117
86 110
165 163
156 133
158 106
61 126
160 64
90 102
136 186
172 19
105 181
183 64
57 148
159 196
47 92
161 184
138 190
134 108
152 200
7 67
81 131
57 95
194 109
82 75
84 57
73 113
59 178
22 152
128 33
13 84
10 160
108 189
194 20
164 196
81 137
11 130
37 14
130 132
144 35
105 90
168 16
95 124
146 92
106 123
135 164
176 120
140 184
49 164
83 173
185 175
96 162
43 47
151 118
43 47
171 3
169 40
51 181
186 140
14 39
25 148
150 151
99 22
104 184
108 176
171 159
50 85
174 109
176 98
120 86
22 50
180 117
44 52
132 42
59 102
183 95
167 132
79 21
67 111
174 131
200 60
58 40
59 168
175 100
27 99
51 180
163 77
15 28
95 7
72 148
145 15
24 127
184 145
166 1
89 23
45 150
57 146
116 44
67 73
117 149
142 3
60 105
178 43
3 131
95 139
125 72
125 15
173 60
102 99
199 4
26 7
144 33
71 128
20 63
16 167
54 110
26 163
81 49
155 128
117 124
9 97
81 94
74 98
124 24
119 13
152 180
48 14
37 120
30 197
169 150
100 16
38 31
143 151
113 79
145 134
63 145
197 127
19 142
52 118
41 2
55 84
148 84
38 64
78 188
45 89
192 185
191 40
49 165
179 43
64 175
144 100
14 65
65 170
5 137
81 62
58 10
37 89
91 75
20 63
189 149
117 33
96 168
126 140
42 135
140 23
32 63
39 106
58 94
25 40
160 49
27 45
71 97
47 65
93 190
167 34
189 25
28 77
85 142
138 155
25 71
33 36
71 164
19 123
101 185
63 153
149 181
84 102
88 97
128 3
32 40
76 80
62 159
31 63
199 66
8 78
163 171
76 49
136 70
168 95
57 122
8 148
189 184
68 33
179 194
60 61
158 82
126 175
82 106
128 11
53 83
81 153
34 92
164 48
162 72
33 189
112 137
30 44
119 98
61 187
111 80
130 93
38 50
89 102
33 3
145 122
129 146
17 24
2 113
79 3
72 52
100 66
200 182
94 179
161 2
18 86
40 106
17 36
200 39
153 91
109 1
181 189
4 137
20 69
148 42
33 87
83 97
157 12
129 188
6 36
194 73
70 168
130 84
81 114
63 110
83 44
119 60
53 45
112 163
195 128
71 2
110 95
11 161
158 92
181 145
145 41
157 184
132 62
182 97
102 75
150 96
4 86
47 100
10 184
172 142
185 152
17 103
114 64
13 179
28 98
196 121
151 169
148 52
140 74
32 172
185 131
177 107
65 67
185 108
73 25
15 125
61 192
31 21
130 150
173 170
173 74
135 183
15 8
99 148
164 174
195 171
155 68
146 155
129 70
34 1
56 45
56 104
19 166
110 103
192 48
78 196
53 111
26 94
55 172
5 110
136 190
179 77
129 166
166 165
196 158
106 12
154 29
15 64
75 33
115 138
35 126
72 59
164 77
185 174
68 166
199 2
140 122
64 38
81 73
178 51
167 199
126 68
131 81
116 72
144 141
101 108
156 38
91 68
101 88
98 12
89 91
60 46
7 148
93 173
34 35
182 186
139 113
47 60
193 28
38 73
101 131
91 93
9 96
152 98
146 31
57 199
35 68
200 142
18 34
16 193
150 180
190 58
188 190
182 64
145 16
33 19
11 61
133 160
195 172
126 40
47 93
178 17
102 89
56 200
54 56
148 50
55 78
153 139
37 117
93 56
129 58
28 130
121 33
42 161
145 128
154 8
6 4
82 62
139 19
187 196
62 180
95 109
119 129
19 142
61 182
96 90
114 111
151 21
22 13
131 85
102 20
155 132
77 179
108 137
100 60
86 183
26 56
147 189
194 135
177 74
26 112
33 78
103 39
114 128
67 144
1 163
92 136
83 104
151 174
144 115
109 172
93 26
197 92
153 65
32 23
46 174
16 2
71 152
109 35
75 11
98 32
163 60
42 126
91 63
155 132
141 123
184 104
90 21
152 56
75 35
79 87
125 80
184 59
109 190
16 115
58 131
55 144
184 96
156 3
86 68
127 39
81 170
59 25
7 164
73 40
148 72
194 188
106 13
131 64
148 89
19 136
30 170
72 90
177 153
16 164
26 141
74 182
54 185
136 115
183 158
25 59
56 126
140 12
52 99
148 160
180 168
16 107
40 194
17 89
89 119
104 1
5 197
11 153
46 178
171 124
34 95
183 14
133 29
46 92
199 132
93 3
152 120
131 184
126 22
148 41
34 175
34 135
163 60
25 96
150 143
174 47
78 148
134 119
96 64
87 103
150 48
197 120
141 63
111 9
82 11
52 21
139 94
16 30
37 78
146 133
50 147
196 22
62 92
115 174
105 86
97 97
189 152
145 173
193 93
125 41
152 158
59 128
128 126
71 49
91 101
46 27
24 37
192 87
123 92
136 61
89 182
181 191
28 52
40 152
110 116
78 137
94 73
33 65
109 73
82 47
67 117
96 144
7 165
30 141
162 89
145 138
179 8
142 196
113 140
1 74
94 75
43 29
43 200
161 81
145 105
4 38
127 197
33 191
123 120
33 22
74 62
158 190
172 71
174 137
8 26
153 127
178 44
109 15
180 137
37 68
80 5
48 44
114 144
35 199
96 60
11 57
91 132
102 100
135 145
101 129
151 193
37 2
194 177
89 110
27 115
3 164
155 4
57 34
135 49
58 134
106 15
170 10
9 170
125 27
126 8
120 143
115 120
41 19
74 119
156 160
106 113
175 58
135 192
74 76
77 114
142 78
161 48
21 46
150 109
129 38
80 181
59 111
134 131
24 38
171 158
11 83
116 180
100 197
24 157
69 62
131 64
112 76
63 150
90 113
63 191
125 188
26 183
6 143
168 125
130 156
185 95
6 155
101 119
90 97
51 83
182 117
57 106
28 181
83 107
37 111
48 180
162 138
49 97
59 189
59 9
83 174
71 147
33 28
178 61
134 120
53 136
142 118
166 186
176 91
70 191
145 200
27 119
187 122
55 191
34 137
109 182
33 106
98 74
8 18
167 56
148 109
64 172
178 125
86 116
118 178
193 74
28 191
200 21
62 137
88 80
176 115
53 57
119 1
121 122
88 80
78 95
60 131
135 87
76 170
5 109
91 162
147 62
89 137
84 48
83 146
132 179
172 83
22 122
53 199
86 142
17 145
103 133
42 67
27 43
78 174
200 158
76 31
150 91
194 125
195 54
59 96
137 192
117 38
191 73
147 19
20 188
73 173
2 105
103 37
190 169
183 193
78 106
140 11
48 109
136 84
144 42
38 67
200 9
147 157
10 83
75 199
82 62
118 36
148 19
159 7
71 102
26 7
192 132
177 37
73 116
141 171
127 133
85 100
128 155
163 106
193 12
31 115
42 9
13 52
31 55
17 152
48 2
95 116
35 172
149 191
31 76
62 59
31 102
34 153
40 94
181 26
66 20
108 83
121 147
106 15
124 145
133 130
79 190
121 176
145 111
154 68
91 8
194 191
16 180
105 167
49 13
5 68
132 127
86 140
97 8
17 117
139 57
24 168
82 2
60 159
184 153
188 71
37 189
159 92
195 130
187 20
27 111
3 9
181 89
186 153
59 8
76 198
96 11
129 188
44 140
151 127
164 17
15 57
131 68
40 74
69 133
160 23
78 74
30 108
46 127
59 183
83 74
181 40
75 11
195 14
65 170
195 151
170 189
200 27
141 85
17 98
135 10
121 102
162 119
88 32
57 81
158 79
184 90
75 119
97 101
36 79
23 190
110 173
46 177
153 159
192 178
167 86
179 165
123 193
83 7
80 38
51 14
22 179
1 162
61 148
115 96
92 130
6 124
77 125
56 18
69 61
150 184
99 171
197 81
124 58
55 101
85 120
12 98
191 186
33 162
157 167
110 59
66 120
128 42
180 141
78 139
26 123
174 8
21 33
16 186
75 191
55 61
76 108
163 43
9 143
187 40
8 199
92 60
183 133
102 66
150 30
141 37
27 181
12 140
55 179
63 15
102 13
130 84
167 47
69 122
31 173
195 95
37 119
33 37
200 188
81 40
24 33
92 129
170 93
166 28
17 109
144 71
189 95
36 188
114 99
104 116
171 176
157 197
13 75
110 34
173 86
44 156
96 1
71 138
138 152
94 59
135 31
7 154
146 57
120 86
145 6
91 2
5 48
175 104
87 180
78 125
153 13
58 56
138 130
188 14
33 48
8 85
171 192
26 155
194 16
70 111
120 32
32 117
12 69
32 115
107 173
76 125
87 135
54 160
14 115
60 53
52 150
7 34
9 149
151 170
22 117
27 3
1 16
179 33
197 39
48 79
68 19
56 19
6 119
107 14
47 30
86 110
50 18
55 94
8 138
101 79
10 99
133 116
98 15
78 57
39 6
111 198
124 128
131 50
21 33
20 125
115 142
181 100
77 90
171 130
164 107
79 185
190 127
135 114
199 8
96 159
114 176
183 110
52 183
25 133
65 59
133 120
91 131
149 10
95 52
170 153
9 40
66 105
87 93
121 67
197 19
13 10
100 154
150 173
164 39
126 58
6 175
8 54
75 151
144 80
134 192
80 24
36 1
53 135
114 79
124 22
11 165
17 79
55 49
119 114
199 75
51 173
196 33
175 44
135 115
127 122
90 185
163 40
83 106
196 2
107 70
153 35
144 89
55 97
148 52
89 61
17 10
182 153
8 32
19 69
160 131
86 61
93 153
168 183
138 153
78 19
195 152
135 12
126 24
90 38
195 150
3 116
181 132
116 19
134 38
58 92
77 173
42 189
143 141
147 168
133 182
46 27
136 73
104 190
19 79
107 42
10 67
149 184
146 73
30 93
129 133
168 76
82 139
116 109
130 163
124 177
131 158
41 155
38 132
50 129
181 174
172 48
39 172
195 135
88 54
6 20
163 116
84 134
1 162
155 185
165 103
89 101
96 68
79 75
146 26
127 171
27 146
2 111
123 28
130 166
2 100
5 47
118 124
196 187
174 63
176 36
18 117
178 124
89 21
82 174
35 25
168 126
61 19
42 98
133 90
85 106
85 63
24 137
33 115
89 114
170 96
64 103
102 24
41 30
70 148
199 16
163 13
12 128
114 170
159 133
69 73
91 52
158 9
16 53
4 193
9 152
181 9
196 41
35 140
60 177
77 12
195 104
23 106
190 17
22 108
106 116
182 71
199 147
31 174
87 187
90 61
74 147
20 57
1 165
78 179
177 134
145 156
188 155
11 128
34 163
161 78
100 12
127 176
132 188
133 52
135 90
109 121
174 43
53 161
4 91
71 180
189 166
135 180
110 59
120 105
46 7
43 15
149 148
176 180
189 10
75 102
157 183
49 152
65 180
190 155
39 80
92 160
157 85
88 164
141 110
165 169
33 152
1 41
148 38
81 176
148 125
11 198
79 39
7 122
163 38
13 99
48 114
115 132
28 102
149 102
105 69
84 18
121 41
27 176
45 89
106 10
98 131
191 137
135 197
162 151
104 118
48 53
97 38
139 127
167 60
22 47
17 138
57 135
80 192
43 40
120 129
176 56
3 154
96 192
47 22
46 138
59 42
55 55
41 103
45 191
140 35
52 109
120 187
54 1
182 122
52 198
161 135
128 3
185 75
60 41
94 110
188 94
27 124
5 100
51 167
47 83
106 197
71 2
177 123
180 119
74 192
193 79
169 29
113 71
111 23
7 39
175 36
40 106
52 185
176 101
19 46
55 6
191 118
111 15
173 74
176 199
106 21
184 153
149 4
30 156
141 66
46 182
196 69
163 118
120 34
61 182
59 130
128 178
34 154
90 116
121 20
124 174
2 78
8 34
138 20
142 175
136 103
116 55
27 143
14 85
104 184
166 6
67 177
185 11
144 81
63 190
136 32
94 93
154 88
62 124
42 146
9 161
64 53
188 158
97 81
197 27
136 184
79 20
112 186
32 134
61 178
116 34
166 109
19 178
93 147
57 49
198 164
47 78
156 200
143 124
155 164
73 58
192 161
27 93
154 123
14 18
175 146
88 39
45 187
41 74
176 44
11 86
179 66
158 115
111 179
120 47
54 28
41 60
188 81
68 6
164 85
22 84
57 11
95 76
187 87
59 12
105 87
38 93
184 157
103 111
93 199
14 126
29 48
57 43
78 179
199 76
68 133
173 186
104 52
32 88
30 95
59 71
154 198
173 132
138 139
126 124
27 163
107 179
70 110
15 66
39 81
110 131
31 108
79 179
41 25
179 134
91 195
147 166
180 111
145 119
24 199
158 41
168 109
32 156
11 69
3 42
168 149
67 119
93 36
68 7
37 23
95 51
48 18
200 182
195 99
18 183
6 27
193 162
116 199
2 196
85 76
64 81
167 60
149 68
77 81
180 194
74 132
80 50
95 99
35 187
83 9
126 21
102 84
194 117
195 88
27 56
89 88
124 68
172 158
49 58
54 86
183 115
130 1
110 127
69 84
179 16
161 185
190 124
51 40
172 92
122 114
200 54
92 55
29 10
198 192
171 45
32 194
45 122
200 11
29 119
121 200
152 20
46 82
121 121
139 169
147 9
65 21
80 100
42 172
165 99
40 115
69 154
152 122
32 130
151 18
53 181
114 180
186 58
16 164
11 128
99 35
100 50
154 199
4 59
69 170
89 18
156 63
44 168
104 161
194 185
29 31
108 24
99 141
26 89
118 135
27 150
100 33
133 196
99 158
148 182
93 172
95 165
42 197
1 69
118 48
166 51
89 173
150 190
19 68
93 69
65 3
102 191
154 191
170 107
142 163
15 79
141 46
13 173
128 77
37 131
153 95
40 176
136 25
153 123
68 44
124 42
111 131
132 200
196 39
114 167
125 2
121 33
199 118
158 163
138 104
189 31
183 107
154 103
187 91
163 118
137 21
37 36
35 71
135 143
80 188
53 60
194 96
195 81
45 45
155 165
83 119
156 160
130 98
177 151
129 101
47 16
4 128
199 34
27 121
31 98
122 35
79 127
77 133
29 47
193 94
138 156
90 96
1 47
163 42
111 131
83 139
42 20
168 110
97 37
157 164
176 67
86 45
174 96
32 37
84 57
83 43
200 133
3 59
180 142
80 75
12 56
94 56
116 53
70 111
117 104
158 29
94 156
83 5
51 93
58 167
19 60
166 123
42 179
155 147
195 199
38 101
14 168
151 36
192 131
58 23
1 160
185 60
175 190
36 9
27 141
181 154
161 31
53 98
157 40
194 112
10 161
76 194
88 112
147 68
7 183
41 14
10 71
188 161
119 74
137 117
97 28
184 187
169 150
40 39
172 175
26 35
45 52
57 45
47 20
144 22
161 131
53 185
88 113
170 126
80 67
178 57
187 55
101 127
8 172
77 110
47 7
141 133
106 112
42 141
133 29
122 83
44 191
31 32
21 162
77 65
139 130
40 184
179 91
118 183
88 101
55 89
157 144
103 82
132 39
82 177
64 104
152 91
137 142
181 34
66 72
116 98
155 1
122 2
169 125
42 3
119 181
100 158
111 160
177 92
74 120
125 142
57 8
144 132
18 52
127 141
12 11
130 74
56 75
152 90
24 180
174 69
31 116
91 146
29 127
123 179
160 94
107 46
183 32
145 95
90 75
132 160
35 35
153 162
114 6
90 197
54 20
97 200
25 105
125 120
115 149
125 24
28 169
187 22
48 88
6 175
182 111
196 177
156 52
2 9
119 3
127 92
34 190
5 113
105 63
153 164
9 28
16 189
91 5
16 13
10 46
67 119
169 73
91 147
138 3
146 30
99 43
159 151
140 151
22 173
131 180
55 151
162 123
64 14
68 95
72 155
104 33
141 24
62 148
169 20
69 79
165 194
170 68
165 161
77 11
9 175
10 151
174 181
137 106
97 108
117 51
80 108
123 38
88 144
26 21
180 61
46 12
200 135
184 71
29 46
182 93
99 88
105 183
15 125
30 160
34 196
172 98
184 144
21 93
110 52
130 104
37 37
96 128
61 5
115 91
61 123
168 50
62 45
61 61
168 159
172 182
177 39
186 130
78 197
61 155
186 3
121 47
12 41
93 55
96 129
118 176
15 196
135 188
22 56
143 117
125 34
19 53
134 81
154 23
17 30
122 174
141 44
69 186
82 69
14 46
115 6
145 52
101 12
36 66
128 81
67 59
183 102
117 121
146 114
167 105
104 57
117 87
8 28
85 156
148 110
109 129
75 123
178 27
129 19
36 149
142 190
157 124
83 129
50 28
93 148
123 173
69 144
64 126
114 143
125 118
104 70
2 193
59 116
192 69
5 170
54 103
60 9
15 170
182 111
9 31
151 25
71 41
98 125
48 19
36 114
80 81
57 127
161 54
24 195
40 59
165 125
84 148
2 200
198 95
193 141
187 66
87 27
38 184
83 31
67 105
60 139
104 106
23 79
32 139
39 14
49 121
162 195
85 45
15 24
137 71
148 46
34 128
98 184
179 36
142 82
133 109
114 92
25 75
75 200
142 169
88 159
117 94
34 41
187 189
66 74
149 179
97 12
73 48
89 114
55 124
40 21
181 156
93 180
45 86
191 137
51 179
75 74
20 14
188 56
65 62
178 59
108 135
28 24
195 163
68 71
109 134
157 54
70 172
130 165
55 11
62 26
107 115
155 13
149 174
85 31
1 158
162 126
55 27
123 163
176 143
14 99
35 26
43 116
114 102
69 192
173 54
90 124
22 10
100 1
86 134
173 54
14 156
185 176
34 60
74 141
51 131
32 14
98 141
98 167
193 56
97 164
36 82
23 189
167 78
182 151
18 1
103 177
110 176
125 99
167 127
155 47
140 172
185 38
32 1
191 71
159 128
17 136
30 81
141 177
200 83
74 91
200 192
104 193
78 176
118 134
90 24
174 47
7 191
140 153
19 8
40 189
84 108
186 157
106 106
116 25
109 171
94 145
152 92
105 145
2 172
76 165
32 154
147 70
108 124
122 76
115 117
22 176
160 184
167 185
26 193
34 79
25 15
177 20
81 150
46 125
33 42
65 150
50 54
140 85
189 31
84 99
41 35
197 128
107 126
158 1
154 172
35 94
63 190
200 82
161 72
148 21
96 123
153 19
196 115
171 132
141 122
123 181
143 130
112 121
20 179
55 53
196 59
60 96
28 159
94 24
97 75
58 75
66 51
136 105
166 158
4 91
68 31
14 24
44 181
195 98
173 171
17 36
145 103
129 95
143 38
112 185
115 36
120 185
4 144
189 158
75 59
75 108
39 26
59 136
109 113
61 79
6 98
1 123
89 48
2 147
170 190
159 76
84 79
39 102
147 56
198 105
157 123
172 147
173 117
35 102
130 108
173 148
104 22
110 5
87 173
48 165
152 95
173 30
81 130
147 149
115 70
20 156
133 146
175 27
193 75
131 40
159 170
98 43
63 130
145 27
65 66
109 112
182 26
177 4
1 120
64 163
36 45
76 156
137 133
23 199
27 170
37 181
45 65
176 80
148 123
37 151
146 10
43 189
35 35
118 129
108 190
137 198
169 72
7 156
188 120
172 116
176 56
47 170
104 148
65 2
175 163
151 196
34 52
115 108
147 43
38 180
12 141
91 2
51 59
72 116
109 168
166 154
16 7
7 13
129 198
38 156
134 49
77 79
133 153
62 47
63 131
46 117
99 50
176 148
159 175
61 57
194 164
189 132
72 76
136 178
121 130
175 52
168 22
78 82
138 49
70 95
131 100
108 96
104 119
118 39
75 107
193 171
65 77
79 83
94 119
180 181
34 200
59 66
3 126
197 168
19 164
108 36
109 10
129 87
162 25
115 15
153 18
72 67
154 149
58 132
163 12
37 111
31 22
112 78
162 181
5 144
40 187
74 116
28 136
67 23
152 83
123 25
51 60
145 58
181 20
151 27
46 136
159 29
123 187
196 90
189 153
76 138
95 15
166 82
68 170
85 180
81 146
136 178
20 145
194 132
148 144
85 125
20 108
38 127
79 45
90 1
60 175
140 95
158 24
120 83
122 68
118 39
38 106
165 141
172 137
86 94
150 4
160 64
57 50
80 79
167 94
156 110
2 102
121 85
58 23
61 160
7 159
72 10
177 185
47 42
24 49
69 15
108 134
119 68
130 149
93 60
4 71
173 110
74 155
59 188
111 144
28 70
40 132
62 176
13 38
1 96
151 122
86 48
42 178
15 39
65 52
124 74
134 106
99 60
131 15
49 125
200 177
113 112
78 16
148 114
151 26
142 159
31 58
109 140
57 105
180 134
139 83
35 103
26 63
102 47
187 138
189 186
69 110
178 180
118 82
142 89
171 153
11 31
127 163
19 107
107 136
146 117
69 165
199 95
44 135
129 96
7 94
91 156
112 23
97 39
143 24
78 71
13 151
133 148
85 33
44 45
9 178
44 17
135 19
178 11
33 63
112 114
87 15
110 77
166 183
55 65
17 60
121 125
52 47
16 197
145 96
67 23
170 85
194 55
45 164
195 114
184 197
117 200
78 24
51 12
87 7
5 127
102 196
75 56
73 107
73 67
139 108
59 14
65 106
189 41
195 22
61 59
100 55
194 123
124 182
198 109
200 54
106 98
56 37
33 42
54 7
49 165
175 102
194 64
161 88
122 15
76 95
182 34
22 100
82 52
41 138
161 121
159 155
152 107
75 190
46 18
178 2
12 36
95 128
6 6
154 137
32 51
108 14
111 139
135 119
24 66
124 20
57 87
135 31
28 185
178 134
42 116
14 74
35 48
146 33
92 84
82 33
179 31
47 172
12 28
24 81
163 174
130 107
13 174
116 71
58 47
21 196
133 47
179 121
1 143
47 142
34 179
109 44
15 81
171 41
174 96
44 36
191 12
2 160
179 71
73 173
160 21
149 157
2 139
124 143
128 3
40 132
33 3
7 135
153 153
30 68
36 38
127 55
53 146
78 83
139 74
6 128
50 56
188 129
154 7
17 47
12 84
73 162
140 190
109 5
75 23
164 9
18 21
150 144
7 86
2 156
187 118
32 92
135 181
85 47
199 195
157 118
97 170
172 166
170 101
198 159
2 109
154 149
50 8
89 15
12 46
94 167
200 82
28 33
161 126
199 127
182 165
87 171
167 131
13 12
70 199
141 45
147 180
146 96
42 111
47 52
37 40
167 82
19 62
101 14
177 160
161 148
62 78
64 167
93 21
54 9
90 166
8 10
156 7
90 93
107 6
9 48
74 7
4 2
162 180
164 197
4 24
5 199
22 132
39 13
185 69
170 29
56 28
36 164
63 158
171 159
153 25
64 88
13 98
61 53
181 177
120 190
30 63
101 96
130 139
47 6
22 51
119 121
166 37
189 198
133 190
70 28
106 195
150 39
98 104
51 47
55 164
114 64
4 165
101 87
73 163
163 36
38 170
65 95
118 196
90 84
48 71
172 95
196 63
111 10
129 91
60 143
5 48
179 162
3 58
170 72
88 124
200 117
109 68
66 192
200 86
162 130
140 94
44 2
88 171
186 189
190 127
62 189
92 90
39 135
45 27
124 29
127 104
120 30
31 40
87 87
142 29
121 32
106 101
100 166
193 148
60 171
135 156
59 63
29 125
142 75
96 136
143 137
169 120
26 139
25 145
156 6
115 87
132 101
108 126
5 11
192 16
125 11
91 185
57 19
26 167
150 188
5 168
81 8
78 2
32 101
89 156
77 115
166 160
37 154
5 197
9 134
34 14
30 74
26 147
107 135
188 181
188 194
192 181
57 145
190 126
64 119
156 199
125 104
57 94
86 111
19 142
54 83
115 189
46 36
14 23
197 58
133 154
109 76
78 165
81 157
67 102
117 99
119 58
158 144
186 77
78 105
73 119
192 31
42 3
118 32
48 147
61 171
169 120
115 160
174 163
23 191
96 35
160 81
185 135
124 97
186 106
114 119
158 177
72 93
76 101
59 36
78 27
60 9
179 57
155 112
90 151
110 64
64 166
146 148
175 83
64 175
145 184
120 40
131 98
197 196
137 129
19 195
185 120
80 136
13 31
177 26
42 65
18 130
100 121
19 196
185 101
62 90
94 146
54 160
173 140
46 158
105 59
123 132
90 168
137 95
39 118
60 72
148 127
80 62
186 155
18 129
126 122
16 46
150 18
108 128
52 190
177 148
197 174
29 20
153 195
93 42
72 62
43 14
109 67
73 78
76 118
175 107
144 101
97 72
62 196
109 17
111 59
164 24
185 83
73 41
110 129
96 168
72 69
128 78
28 39
6 120
134 40
105 75
44 3
151 109
161 22
19 9
166 136
104 95
175 183
125 143
52 100
147 15
148 131
116 125
31 44
113 196
160 90
137 106
20 190
18 58
3 75
48 39
135 26
187 113
57 28
126 179
132 150
140 154
23 115
160 27
114 16
166 90
116 104
140 198
68 102
72 164
126 176
10 154
136 55
197 88
163 150
171 27
14 124
52 12
90 134
6 162
196 180
145 10
72 133
148 30
152 1
93 154
125 100
101 110
15 104
118 42
55 85
74 58
192 94
8 173
98 190
192 74
102 143
109 149
117 57
138 39
67 172
154 161
38 109
103 128
34 113
135 93
121 186
129 39
56 129
99 177
2 11
35 15
128 57
192 119
191 79
50 173
4 114
113 127
30 187
99 166
16 66
173 170
159 106
88 176
42 181
117 40
70 69
184 166
171 124
147 110
156 42
197 200
185 193
111 120
160 60
166 115
42 165
172 163
143 100
97 16
90 125
120 147
148 193
69 54
127 131
57 3
177 128
126 132
110 124
37 102
138 80
128 41
63 194
167 130
30 34
99 187
6 109
56 75
64 27
124 153
127 96
138 176
120 182
166 186
182 40
35 2
104 39
14 86
76 95
51 75
25 168
96 141
174 21
122 134
31 89
62 69
78 84
82 84
79 85
180 113
128 15
29 160
29 114
4 1
186 138
29 46
71 102
147 94
37 34
119 90
80 172
64 137
184 8
5 75
27 161
81 46
36 94
69 57
29 15
83 24
184 55
53 91
68 6
33 153
78 105
88 15
53 200
182 144
167 65
169 165
159 103
167 175
153 175
194 142
179 4
175 146
82 74
145 47
104 27
99 90
118 46
123 191
180 187
140 196
180 140
11 106
111 177
121 159
85 99
131 73
75 84
60 79
167 148
140 145
33 174
9 156
151 72
133 114
140 160
117 173
146 51
143 53
53 55
92 152
64 184
196 130
118 84
61 79
42 38
12 192
137 66
139 25
126 173
100 125
4 199
101 75
4 88
103 6
105 160
22 150
138 36
34 111
199 15
33 150
163 192
22 103
24 59
30 177
28 111
163 67
51 37
117 194
28 82
32 179
187 38
80 136
196 99
80 159
122 82
194 11
14 186
119 131
192 85
79 50
86 112
157 122
22 175
135 109
169 88
146 52
35 73
49 98
183 32
35 106
39 180
104 136
43 84
155 138
25 125
167 32
127 28
34 116
104 48
108 171
25 120
112 130
170 16
121 95
139 141
59 81
73 170
6 124
12 55
130 146
109 139
177 180
59 105
150 89
26 137
171 168
149 178
110 2
88 108
55 154
48 142
105 200
74 160
157 83
2 128
27 109
89 12
57 192
74 92
189 182
76 161
34 61
56 34
94 170
182 170
6 152
174 60
163 95
176 71
41 130
147 95
152 156
34 3
9 47
41 120
105 99
124 164
184 80
42 11
18 86
121 24
157 3
126 73
138 28
7 167
128 154
197 140
44 12
90 56
46 30
57 45
173 173
166 52
32 168
49 75
7 14
192 77
122 113
76 156
167 38
54 166
50 25
67 182
54 138
152 53
153 93
180 4
83 165
199 114
2 162
50 180
13 20
71 13
27 171
29 60
185 94
147 41
98 191
120 76
147 5
137 46
41 188
129 170
176 144
35 93
139 191
170 105
12 54
58 199
93 20
28 102
92 8
26 199
163 149
2 102
61 96
104 55
177 81
83 73
95 52
124 95
5 109
192 125
121 171
93 167
44 16
187 89
23 130
85 89
38 132
10 150
198 33
75 163
111 32
144 63
121 153
49 159
144 174
105 58
7 142
26 38
123 39
159 174
164 192
190 35
130 130
15 7
149 200
170 161
30 147
9 180
92 69
26 30
184 56
8 181
19 9
183 77
141 14
94 56
185 48
134 108
115 24
129 134
143 133
14 2
17 20
17 96
15 143
36 15
197 177
114 70
161 59
68 111
82 50
1 58
105 94
164 65
179 45
65 98
96 171
56 139
51 137
181 16
151 194
184 156
76 113
30 65
28 75
32 116
188 84
47 148
36 150
29 167
23 65
193 173
8 92
162 7
32 97
155 115
104 148
141 132
26 96
103 103
149 176
144 168
48 131
159 135
90 105
113 53
55 62
141 101
86 42
133 150
5 190
140 18
73 154
65 8
86 19
94 52
79 41
152 141
42 74
173 138
200 48
113 122
194 88
75 73
183 107
55 164
31 138
112 128
179 68
37 92
180 29
115 74
155 163
38 171
132 146
144 84
135 117
44 123
200 144
150 86
129 37
70 151
167 81
184 43
21 115
66 131
77 20
20 36
124 148
6 114
99 32
73 40
1 17
77 160
146 20
87 200
129 128
200 175
123 104
5 158
23 155
48 155
35 125
172 36
174 73
171 29
173 3
92 13
78 33
155 71
60 46
159 129
159 118
54 78
97 190
162 84
3 155
56 133
50 116
189 47
179 104
175 24
113 63
190 188
155 130
30 55
63 200
180 185
112 12
68 45
54 36
92 178
66 89
53 141
119 150
11 145
1 159
171 158
141 115
155 193
5 160
134 177
122 159
43 158
106 150
51 34
186 189
178 106
178 136
24 173
178 101
39 1
79 149
164 144
174 28
162 123
101 64
71 55
127 45
102 3
13 128
35 149
192 136
119 138
28 67
156 63
134 5
90 56
169 118
20 59
180 21
167 174
48 49
85 186
47 45
42 176
93 65
198 185
137 149
153 55
159 82
182 116
84 190
45 131
4 113
65 96
103 11
31 154
115 69
25 3
145 102
195 22
183 10
192 90
194 100
120 32
1 190
20 180
160 145
106 127
46 78
38 78
162 60
146 39
163 24
87 110
148 45
141 24
172 198
96 115
62 131
47 129
124 36
5 150
35 112
155 19
104 67
116 136
141 29
116 153
128 149
179 27
160 143
25 184
125 64
107 72
51 49
196 47
184 102
182 29
134 183
38 165
84 65
68 131
123 176
194 72
11 32
82 174
168 167
28 108
141 168
110 178
73 124
111 49
45 39
181 138
124 110
24 67
92 44
53 23
51 75
132 178
194 59
127 136
120 98
81 82
11 87
152 23
176 126
173 93
147 96
99 178
192 55
46 44
3 159
45 96
101 115
94 35
50 155
117 174
133 15
55 62
198 32
146 4
179 197
6 91
30 168
75 78
190 99
178 54
160 165
169 150
143 69
109 114
134 9
138 20
24 67
72 122
192 140
130 23
171 105
179 115
18 109
8 6
34 173
196 165
166 34
30 43
53 79
100 32
113 77
96 13
66 178
107 46
116 197
2 108
38 98
21 163
120 35
166 115
74 121
165 74
166 111
179 94
106 148
130 127
155 198
168 40
98 66
145 163
110 44
195 3
134 50
5 99
87 18
180 185
18 27
81 118
136 164
109 86
3 24
121 24
33 105
94 149
108 61
62 136
32 102
184 118
179 91
98 7
77 158
22 77
55 155
171 48
52 111
150 166
49 49
20 27
25 115
190 40
95 83
156 29
30 59
14 199
182 161
160 33
167 110
88 114
86 55
115 12
200 63
182 113
144 171
102 103
105 42
13 8
82 88
135 5
64 105
120 20
140 94
64 136
158 162
114 155
189 96
185 137
184 97
198 4
42 130
3 188
73 43
127 129
8 1
151 89
149 115
146 144
153 78
81 95
37 107
196 197
57 101
170 129
110 163
86 19
150 135
135 164
195 41
193 22
130 7
124 196
180 12
10 169
92 186
19 61
131 121
33 113
95 134
132 7
14 40
76 89
178 104
29 182
137 144
108 28
7 183
114 184
197 79
36 152
71 42
177 30
3 85
114 93
130 196
151 146
167 11
57 127
38 17
53 52
154 31
78 73
62 61
45 119
72 45
55 28
103 124
27 5
185 69
68 165
99 42
88 37
83 167
84 191
37 37
19 3
183 76
69 68
74 155
105 165
168 170
7 11
28 141
61 58
56 121
185 169
168 185
139 75
150 16
58 142
165 69
145 10
51 42
190 79
125 107
166 80
156 115
158 153
115 153
116 119
123 192
168 76
99 9
126 165
30 111
96 45
58 48
89 10
54 67
182 168
176 45
34 174
162 72
44 113
195 192
130 145
68 184
4 23
147 148
149 108
13 146
154 34
116 143
136 58
86 181
79 146
79 150
53 171
71 15
53 105
139 11
62 86
18 22
161 197
155 102
23 67
5 131
79 198
172 161
108 39
132 156
65 65
101 156
159 114
169 6
162 39
159 155
169 183
124 72
153 186
30 147
144 167
58 88
66 121
63 98
46 125
187 121
171 117
111 84
86 85
121 23
16 121
86 138
139 119
162 157
37 24
124 173
5 191
111 80
95 34
27 75
171 22
75 171
181 60
178 186
80 187
200 55
97 178
71 137
185 49
137 35
18 34
21 184
4 85
123 57
42 147
160 74
193 95
81 2
11 158
136 6
114 35
133 52
117 118
166 87
39 33
173 90
8 180
104 2
162 157
66 126
64 52
136 188
132 112
105 146
87 62
191 141
61 35
42 103
55 69
139 32
178 149
170 128
30 21
174 141
190 102
113 107
79 109
104 2
194 39
135 69
126 65
199 27
183 193
82 90
188 168
40 106
104 41
79 95
9 114
156 195
138 74
68 27
110 166
156 49
74 7
78 78
133 111
57 69
54 33
6 8
111 98
162 45
55 136
195 34
160 11
193 79
143 140
164 164
20 101
72 91
38 192
13 115
161 151
38 156
159 29
105 37
36 34
139 127
76 187
101 193
164 179
69 155
63 162
122 7
149 75
12 125
117 82
108 142
136 200
134 54
179 34
54 28
39 38
85 112
33 66
46 82
4 16
155 196
193 138
93 68
48 66
147 4
149 143
144 9
19 16
88 41
44 63
24 70
112 111
7 101
79 175
74 162
138 146
31 126
16 98
173 50
85 86
72 40
197 100
28 157
158 124
143 178
41 138
121 134
181 199
129 37
87 87
4 66
149 172
82 13
68 168
121 98
60 23
42 146
194 140
176 108
142 49
35 38
162 148
84 81
155 62
200 65
89 150
157 147
123 170
80 182
42 56
52 181
152 195
55 184
80 99
58 120
44 185
35 36
83 10
111 92
102 102
137 112
29 19
152 108
43 177
58 32
87 118
124 115
134 58
168 173
171 99
99 147
177 78
5 123
88 187
135 88
171 75
69 74
190 145
114 165
183 122
35 76
10 44
162 162
150 92
1 98
15 142
198 63
30 121
83 135
111 41
56 73
81 157
187 120
104 120
143 200
147 121
37 124
165 25
161 69
12 7
142 176
188 28
88 65
198 143
11 61
76 17
131 134
108 169
47 182
116 32
8 87
105 159
145 159
49 93
106 164
38 47
173 4
44 43
35 21
3 70
55 168
88 57
16 156
143 200
104 105
37 135
10 9
106 122
98 139
80 187
97 65
31 94
151 136
189 111
10 135
136 3
106 110
196 185
16 17
119 35
46 17
87 24
68 90
199 137
24 113
61 101
191 27
110 84
21 119
171 157
37 16
4 11
75 106
43 141
10 16
79 156
172 135
86 161
3 133
123 67
130 14
176 93
54 146
9 156
162 181
104 40
84 169
31 158
81 75
166 101
168 128
154 159
97 98
131 58
21 172
38 92
129 190
6 181
157 19
64 61
103 53
182 57
173 33
150 30
173 179
127 6
74 32
155 146
165 143
129 82
12 42
35 101
90 114
56 17
51 54
148 76
42 29
42 87
71 117
196 172
72 1
112 193
33 52
151 106
161 87
184 184
47 81
171 67
117 45
86 151
182 25
65 78
58 128
119 27
137 115
99 112
73 137
153 165
167 36
158 12
189 126
191 138
38 123
155 65
154 141
199 198
167 135
144 86
85 137
44 171
188 105
100 95
65 64
88 22
111 127
143 42
47 42
190 166
168 71
146 110
103 13
40 73
29 187
36 35
68 194
141 33
157 152
80 108
171 12
3 191
187 123
173 66
162 50
179 87
186 113
147 42
191 43
188 120
139 31
73 26
140 197
4 13
37 134
30 171
177 195
119 86
52 22
153 104
56 33
123 188
61 3
197 120
3 172
82 54
55 144
121 152
82 141
52 110
143 82
187 138
27 80
65 116
58 197
23 184
12 17
124 94
14 61
163 154
20 58
43 19
119 8
124 83
118 110
28 108
108 82
38 159
190 40
160 109
156 108
38 167
74 128
91 177
175 29
157 15
165 125
53 59
163 8
109 28
186 146
68 150
7 153
101 88
154 25
122 78
93 177
178 113
90 89
171 8
95 193
88 128
38 91
120 45
112 81
75 123
163 75
13 4
70 77
192 114
109 156
188 94
139 44
89 64
59 72
6 90
91 160
173 11
99 49
45 167
15 178
146 179
33 84
138 80
59 24
192 69
111 41
111 74
182 40
111 199
75 44
21 192
40 38
133 91
139 43
129 112
128 173
82 164
73 129
31 65
186 181
106 18
70 43
64 43
50 176
107 56
161 61
53 38
156 15
18 61
194 82
46 89
169 82
194 176
191 33
156 73
78 153
186 168
184 148
161 177
162 34
125 89
200 142
186 192
1 45
149 168
99 181
147 140
21 130
190 137
47 50
93 83
154 132
137 133
190 108
32 165
17 125
24 60
18 74
14 182
59 130
38 107
128 143
61 39
11 186
88 81
194 29
42 186
70 31
160 54
92 67
118 147
115 81
20 96
152 131
143 80
26 101
100 103
159 110
156 34
149 74
151 200
107 65
144 34
139 94
100 192
53 57
81 130
109 100
69 135
36 115
133 118
93 139
16 182
103 163
133 17
34 41
152 10
197 103
163 181
196 78
88 106
116 157
2 188
190 42
63 174
59 189
41 52
45 152
64 91
106 165
108 78
178 134
131 109
64 150
193 36
106 195
105 118
130 22
156 71
118 115
86 28
69 18
78 42
67 109
133 25
73 173
107 36
91 162
71 189
33 47
95 60
12 170
60 38
57 170
82 138
7 123
68 56
49 70
123 37
92 166
35 74
47 37
46 195
114 101
42 28
88 30
108 163
99 197
50 59
94 110
50 117
16 58
19 92
61 63
63 93
89 183
48 35
142 91
115 21
187 47
77 137
147 34
91 130
22 34
12 117
178 34
174 184
7 200
46 32
16 56
36 27
88 187
150 165
74 17
49 131
128 129
26 168
173 92
189 163
185 26
16 98
105 39
152 115
126 190
92 46
9 43
20 135
47 2
6 46
69 30
197 96
141 56
172 145
90 56
116 65
189 96
108 99
193 171
85 34
171 137
38 97
159 1
193 122
158 141
186 68
102 43
173 134
108 145
8 53
156 155
69 160
199 130
50 127
78 130
130 200
97 79
192 118
193 90
118 91
37 41
101 46
199 102
139 188
116 29
175 10
167 196
97 104
99 112
47 148
192 11
44 6
110 11
29 42
195 74
185 184
122 134
167 26
166 1
130 118
35 8
151 155
103 87
157 13
143 139
51 192
94 198
67 156
90 194
49 40
167 141
124 33
40 14
22 169
76 64
55 47
74 71
156 163
54 184
33 50
105 68
85 27
4 88
69 79
94 11
200 40
33 176
131 12
188 139
183 5
153 88
77 93
158 157
142 16
200 108
182 175
47 17
185 102
82 77
77 184
13 69
132 66
121 73
128 21
184 160
162 82
133 163
88 163
86 100
19 177
70 198
144 191
21 192
175 110
85 25
41 154
147 170
190 190
37 59
129 30
93 17
141 60
86 124
144 61
190 69
181 150
194 171
31 7
75 30
111 16
34 103
114 136
102 46
11 126
156 81
106 193
156 185
157 161
189 171
76 152
61 164
126 53
151 28
121 194
62 61
26 9
76 189
97 88
109 128
188 188
68 24
99 118
113 155
131 123
47 50
62 110
90 51
196 155
46 139
175 126
5 151
7 186
70 23
28 42
10 165
75 114
91 74
89 73
45 129
146 150
56 117
47 152
54 105
70 68
76 80
166 150
113 126
182 69
28 54
112 72
140 45
200 130
38 142
176 168
155 7
2 99
12 93
88 2
43 179
106 53
84 197
132 34
90 38
60 99
126 107
174 144
99 54
181 114
196 8
160 17
31 34
142 47
50 175
160 75
20 124
53 194
133 92
25 176
194 175
145 189
158 143
115 141
162 52
153 111
15 116
136 49
161 155
86 120
19 118
155 49
29 137
188 127
76 98
81 192
107 104
81 8
26 131
189 15
120 180
167 56
130 59
153 65
152 12
191 123
153 77
31 16
108 84
167 127
107 195
45 32
28 61
62 172
50 117
68 166
109 9
198 137
66 188
161 153
187 32
185 54
110 133
57 163
168 60
186 92
52 174
132 118
163 141
24 151
35 45
138 181
74 5
188 37
110 49
75 139
141 6
136 104
197 82
19 163
189 63
29 135
45 14
88 166
8 166
161 84
117 70
58 15
42 195
132 123
122 114
189 22
4 119
65 60
157 40
45 98
39 128
159 160
82 196
132 137
154 70
38 19
77 98
40 47
4 58
52 45
30 13
70 68
154 64
198 6
154 111
198 63
131 35
177 188
54 55
114 3
178 135
5 96
66 149
79 7
134 186
142 179
164 36
169 113
183 149
156 67
150 51
130 109
180 130
3 89
164 192
58 73
76 26
54 71
60 71
103 16
134 168
132 110
7 72
1 19
53 88
17 50
82 185
23 160
107 120
37 119
107 80
94 33
125 171
117 120
69 77
129 23
16 13
18 153
42 156
103 70
31 124
138 187
90 164
52 55
7 48
180 69
189 114
141 99
133 33
103 90
84 167
30 144
149 179
60 83
56 138
72 22
38 132
161 69
25 190
117 134
58 49
24 105
38 50
151 37
62 66
22 96
18 9
159 96
153 184
171 11
190 91
112 66
171 67
106 82
62 199
36 15
114 50
187 133
126 71
56 117
114 46
68 38
132 141
32 131
63 77
9 133
85 95
15 142
18 53
103 184
55 101
171 78
130 36
65 57
193 185
164 120
120 89
118 15
183 170
135 129
33 18
163 161
62 111
147 174
72 128
41 177
41 56
16 108
23 85
76 64
176 21
90 107
178 177
132 103
44 87
155 71
55 98
127 161
126 87
132 8
192 117
2 58
158 156
168 56
34 83
170 185
197 57
99 5
135 43
109 164
65 35
193 32
190 58
94 109
104 164
92 75
64 30
156 116
46 13
94 26
135 185
120 44
51 27
152 92
68 135
112 130
12 89
57 73
175 14
62 119
117 114
86 51
156 62
37 145
87 18
102 67
151 35
79 184
191 161
190 129
50 89
70 59
71 71
199 100
134 171
176 131
199 3
126 146
5 13
113 183
86 57
104 123
68 21
93 12
160 149
134 134
1 140
83 86
77 179
67 56
96 56
128 188
189 66
21 111
10 150
70 65
135 158
17 91
111 110
50 194
27 37
48 76
108 50
92 76
55 175
61 167
63 110
49 78
85 53
36 156
141 38
78 193
45 163
151 26
3 27
121 75
181 65
73 29
34 101
80 31
146 18
101 118
59 143
114 87
108 32
21 119
197 174
195 193
77 25
140 173
49 183
191 28
199 37
157 147
18 99
85 189
59 58
25 198
183 187
17 198
146 54
170 15
168 189
147 73
16 62
87 52
172 146
189 20
18 129
110 115
41 147
89 13
39 90
13 1
33 94
39 53
126 132
55 84
99 18
121 18
27 40
176 155
12 123
156 6
62 21
165 5
33 130
45 48
22 38
154 75
194 184
40 13
106 124
134 121
141 49
113 118
195 165
26 70
19 121
176 181
177 86
23 12
193 152
41 7
155 188
186 127
30 59
146 132
7 131
102 183
12 164
22 28
194 3
28 105
135 182
18 108
3 123
66 151
174 79
87 95
128 134
85 94
57 68
98 60
36 81
1 109
118 125
150 52
137 168
85 196
21 181
84 43
133 18
191 21
6 188
28 65
4 62
37 30
18 163
84 143
61 77
91 150
61 52
102 169
83 76
29 200
145 76
180 121
121 17
43 85
142 187
160 49
9 18
80 199
109 83
154 127
158 9
154 69
44 71
103 183
3 2
73 118
195 23
179 102
190 44
102 63
103 125
55 6
37 125
116 52
127 120
123 177
143 30
190 48
28 125
23 167
160 191
120 151
123 138
180 54
24 115
187 76
113 166
97 180
33 4
96 76
122 35
112 130
43 91
5 159
26 200
128 179
98 9
164 199
43 191
6 76
175 134
10 18
13 18
31 125
186 104
13 30
128 14
147 3
101 50
53 34
35 73
26 61
181 144
144 101
95 186
52 86
49 38
25 161
66 24
163 17
44 129
88 110
118 90
108 147
54 21
138 180
55 186
59 13
105 124
129 111
117 56
175 51
64 100
57 71
98 183
170 34
5 107
97 165
192 35
40 23
49 124
85 22
54 41
119 62
169 35
133 180
185 141
9 157
188 48
23 74
107 144
54 170
175 111
103 149
112 107
29 180
107 155
33 74
64 83
182 157
91 132
89 61
156 189
95 90
129 178
180 199
148 55
30 102
97 87
136 32
3 2
129 149
81 98
96 99
98 176
169 192
117 95
63 153
3 7
108 109
98 92
174 3
85 169
161 63
129 49
186 52
67 124
92 190
183 60
151 172
130 200
199 198
184 81
102 116
94 41
183 99
195 42
161 10
129 72
31 98
5 6
69 40
66 194
44 179
173 88
189 151
116 105
145 88
145 178
109 31
150 72
119 84
6 198
98 179
176 151
154 36
162 181
20 82
199 79
51 117
99 15
105 112
6 153
17 36
114 174
126 62
3 141
177 66
43 1
196 9
88 73
182 21
20 37
198 162
112 150
46 112
58 118
181 124
128 104
83 199
106 92
127 48
168 23
158 124
169 95
71 78
25 179
148 93
28 91
200 92
191 115
110 66
10 151
173 17
40 94
59 89
43 176
91 16
169 68
104 16
48 31
193 146
198 168
136 56
50 155
29 76
174 199
27 172
36 200
20 93
69 60
189 76
38 132
191 20
129 170
8 88
34 7
125 52
32 29
116 99
157 181
127 143
17 60
146 7
51 157
135 179
77 10
27 182
161 154
167 44
86 116
4 138
65 173
38 150
194 69
146 144
149 101
27 140
117 39
114 30
192 64
2 147
90 66
160 8
179 173
110 76
75 29
129 134
12 122
140 175
178 123
5 17
76 133
181 44
101 42
183 85
23 188
54 144
14 26
98 85
15 68
30 51
121 91
62 155
112 44
15 177
57 74
167 19
123 70
184 96
33 75
29 153
165 6
48 85
167 181
48 193
117 137
107 16
37 15
38 14
155 125
7 120
119 177
125 133
161 56
116 123
55 57
147 43
88 23
28 80
197 118
38 77
124 101
144 62
21 99
96 28
75 162
111 89
79 191
23 98
128 33
67 42
77 6
59 110
51 198
41 109
43 56
192 43
127 81
145 40
36 35
180 128
88 19
163 24
42 51
40 145
74 60
24 8
191 166
120 88
130 68
3 64
159 146
81 166
176 87
177 55
7 117
30 91
11 149
57 99
121 16
134 11
122 43
181 190
43 133
22 130
179 167
82 37
75 89
192 88
80 13
103 119
115 26
181 159
114 153
10 17
111 172
149 137
62 197
76 102
57 180
44 60
109 134
133 167
189 109
192 174
135 189
163 25
50 94
105 158
1 6
106 64
86 45
135 165
36 63
148 173
179 52
34 84
104 57
105 131
1 73
38 155
191 106
162 119
80 46
44 70
143 23
141 15
172 143
186 41
129 133
22 61
200 129
78 153
65 76
37 10
80 174
103 162
23 54
74 34
186 35
3 184
127 10
129 98
160 186
13 15
147 61
195 71
74 48
7 183
15 158
79 80
194 191
32 7
175 100
108 79
26 117
41 102
189 151
8 130
101 81
58 140
165 184
193 92
154 34
176 139
68 42
136 52
26 50
122 186
104 107
55 70
44 20
76 87
150 122
16 181
188 39
157 70
102 59
125 158
118 187
79 45
130 117
75 14
52 66
8 155
180 138
9 81
157 85
62 34
94 121
99 87
27 88
159 118
127 120
198 33
147 79
172 193
97 8
111 98
188 29
180 171
60 171
71 34
22 15
161 52
37 81
35 73
34 129
127 90
66 166
55 115
159 186
11 159
62 94
161 128
193 80
38 43
86 119
172 67
80 66
97 27
22 180
138 80
4 172
91 91
121 145
127 79
48 134
177 162
189 29
162 60
24 51
9 168
117 98
97 34
35 25
117 48
111 132
87 117
67 77
168 5
164 28
166 114
199 182
123 120
150 20
13 191
110 29
62 200
75 20
170 55
119 126
99 144
81 11
16 40
127 156
97 170
158 182
183 45
127 89
60 142
115 4
167 154
56 180
73 13
23 95
116 34
74 122
2 76
71 111
1 132
66 27
92 47
21 120
189 104
116 15
23 168
3 166
109 33
158 27
181 47
22 31
59 152
177 169
61 43
153 17
10 13
122 154
158 142
80 7
171 68
86 122
39 24
1 179
72 111
107 51
85 86
120 157
34 32
71 188
156 101
84 192
164 109
137 66
39 153
8 121
6 96
21 23
91 89
130 44
79 181
200 95
93 81
100 69
74 137
123 4
101 36
120 142
49 12
142 84
200 183
185 171
191 68
46 62
168 191
170 65
21 176
158 34
105 171
131 136
10 60
182 183
178 62
197 148
190 100
189 49
74 36
146 34
23 200
118 54
95 108
123 99
31 11
64 59
135 21
71 57
25 193
1 25
42 195
8 89
168 122
69 104
11 13
44 37
146 130
103 144
134 174
178 148
120 93
105 171
77 5
64 174
125 43
117 172
108 164
141 144
18 90
91 174
38 46
88 182
54 162
125 54
72 131
21 144
48 6
122 124
140 173
53 80
19 124
78 94
16 9
180 53
128 82
58 172
34 9
170 11
94 34
29 78
39 1
126 6
169 76
97 107
166 102
92 113
11 178
48 185
35 97
115 82
138 26
136 45
73 127
54 180
199 173
22 96
90 80
78 81
178 102
171 68
42 146
70 50
179 126
103 111
121 74
51 126
94 157
12 74
197 33
3 36
104 86
109 107
94 200
125 171
18 143
34 154
164 122
74 179
51 17
86 47
67 2
73 104
67 52
38 103
118 171
123 179
34 23
187 140
175 183
8 190
149 53
181 115
193 36
88 136
83 93
132 55
91 191
28 147
187 10
110 84
79 13
66 200
67 155
127 31
154 111
73 52
126 86
19 104
11 77
24 135
32 86
25 95
199 54
125 109
85 116
4 152
171 128
58 50
32 4
120 126
101 86
150 107
69 19
130 59
55 4
16 178
175 16
130 181
50 140
13 56
198 183
123 114
22 46
114 92
36 85
146 181
119 174
92 21
159 59
60 67
164 149
112 24
61 92
185 192
3 44
87 145
136 72
95 104
37 179
65 23
63 42
115 51
144 143
52 48
44 68
121 101
42 39
55 196
101 25
131 105
168 81
164 51
71 13
107 92
109 183
168 97
50 159
107 45
138 79
19 81
27 181
83 157
114 31
27 8
11 88
28 194
121 163
74 179
141 34
121 172
120 149
47 110
4 47
82 156
13 101
117 44
87 133
148 20
4 88
122 44
126 70
33 154
135 164
32 126
99 145
42 95
47 162
111 98
69 37
57 134
114 198
91 122
166 138
35 56
59 119
110 98
70 33
149 81
60 37
200 41
106 138
83 45
147 188
62 17
185 14
148 116
36 170
49 82
13 45
123 64
57 193
139 167
135 108
167 183
111 45
28 178
181 67
157 16
83 5
151 94
40 139
108 72
123 23
50 124
125 198
154 97
46 124
158 192
29 94
30 107
1 111
145 154
137 26
139 73
45 74
76 30
73 177
160 155
180 75
140 97
103 179
67 196
194 58
90 97
131 100
36 171
43 22
48 125
146 167
21 183
17 160
157 88
176 22
97 43
3 120
139 61
93 54
116 122
91 170
141 62
10 179
156 76
37 187
88 147
75 23
186 139
185 152
20 192
33 84
190 108
19 98
3 107
45 77
142 192
160 62
156 70
112 71
66 88
72 200
81 126
165 200
74 74
173 29
89 103
169 189
44 55
83 192
67 61
159 125
78 156
101 29
165 145
58 37
111 192
118 52
23 164
164 105
151 82
132 172
181 177
75 135
157 51
146 102
141 181
78 114
75 41
169 188
86 170
21 128
75 167
198 98
13 12
117 11
196 11
189 96
91 128
34 12
178 76
68 169
50 181
163 10
76 72
155 110
33 179
72 40
50 107
54 42
55 19
70 151
43 172
199 151
168 81
125 200
52 20
165 145
88 14
169 116
152 51
7 175
200 60
68 186
33 80
94 86
18 200
134 91
75 127
131 29
56 60
199 3
149 137
134 20
30 52
43 21
65 133
18 165
32 142
6 55
122 99
61 89
103 50
176 98
181 144
57 103
161 67
72 197
140 122
6 129
46 120
29 111
89 28
161 190
108 181
140 111
40 38
113 76
93 75
4 50
100 8
8 94
54 163
134 22
32 57
140 192
191 197
13 54
184 66
120 185
31 25
169 108
38 39
120 44
34 46
132 17
161 107
162 117
151 134
135 53
30 8
81 34
133 83
148 198
160 191
25 110
41 37
148 27
21 195
113 185
37 176
46 156
94 144
57 166
71 195
123 34
157 187
196 23
2 3
136 9
71 170
92 101
123 36
157 94
129 157
123 152
107 136
1 36
71 126
83 22
83 10
187 26
149 36
143 158
143 188
43 163
95 16
72 42
56 113
91 68
70 90
95 162
129 21
53 1
149 90
71 21
175 37
132 182
44 137
131 170
9 80
143 46
138 103
3 149
12 148
101 145
83 171
184 21
124 129
33 33
70 134
150 163
160 92
57 170
19 87
34 153
166 177
192 10
64 86
15 7
154 180
119 168
1 182
32 15
81 179
38 12
101 171
94 102
145 180
5 12
38 108
181 185
22 16
107 104
46 168
173 47
167 106
118 162
31 73
91 143
117 180
42 71
34 70
129 66
22 112
130 145
11 175
92 161
59 88
154 105
192 178
132 133
93 173
20 129
159 173
139 197
1 20
101 75
54 118
157 2
29 80
140 3
89 17
151 57
153 68
111 38
22 151
188 28
160 1
136 166
108 41
118 133
143 17
100 37
150 24
181 30
49 75
115 17
185 155
65 85
38 122
42 49
24 128
142 127
192 178
9 7
17 118
130 82
151 192
97 69
121 197
94 123
136 89
111 171
197 171
76 128
54 93
6 97
92 136
32 167
156 145
179 192
66 92
170 164
175 192
23 117
62 76
32 173
135 190
106 14
186 160
56 96
156 35
113 81
71 4
171 11
200 31
122 156
4 181
187 159
187 172
15 166
24 7
194 159
87 190
13 184
120 83
145 90
182 27
112 8
5 127
153 69
119 167
39 176
37 43
113 179
63 32
57 138
10 135
123 138
139 35
132 168
78 24
67 44
103 2
17 13
135 159
41 95
177 66
81 173
192 157
164 55
78 41
138 162
178 57
124 114
81 74
86 147
195 179
36 180
29 26
49 193
149 64
4 73
73 115
4 153
6 14
156 94
34 187
36 125
42 171
113 95
179 52
63 73
45 162
78 81
13 193
20 86
31 86
143 152
130 136
177 179
92 18
172 32
17 26
135 198
94 103
73 22
12 32
13 170
177 11
166 33
130 97
141 119
38 179
9 39
103 180
55 53
144 116
63 57
7 62
13 54
182 91
139 187
69 161
34 61
34 73
69 1
74 178
66 133
197 46
119 12
193 34
130 140
39 20
10 194
63 109
172 6
13 172
85 4
142 62
135 191
177 80
149 62
92 148
80 162
94 147
147 200
106 194
6 58
107 29
48 160
27 98
180 157
91 90
165 164
184 20
136 42
20 196
93 100
161 95
122 76
151 54
99 160
9 17
95 179
17 30
147 103
55 87
88 21
116 97
40 40
9 43
170 64
143 52
165 185
156 86
18 13
133 1
86 36
181 57
79 18
141 131
147 74
124 155
159 188
21 193
152 129
112 83
107 117
20 20
15 183
28 2
52 174
13 141
84 92
135 163
34 147
17 196
41 94
97 193
22 33
19 72
80 81
96 13
28 6
106 156
75 32
16 7
82 43
116 19
186 47
172 101
64 144
72 52
187 139
42 33
24 69
156 93
74 182
104 86
110 42
83 76
105 74
119 14
161 55
49 103
101 20
112 181
95 32
122 193
132 48
33 89
200 1
21 119
117 98
154 79
23 164
185 189
150 48
33 199
114 58
25 177
148 30
129 173
76 132
59 132
188 24
67 198
101 127
151 10
72 95
102 76
69 141
16 5
74 196
50 37
141 120
79 137
195 16
64 136
3 21
77 106
168 62
89 53
159 191
166 123
74 73
52 16
110 51
62 32
126 61
128 122
138 89
136 167
99 70
107 137
74 54
21 56
47 83
10 100
75 87
193 16
125 88
22 81
82 148
50 67
137 52
103 23
8 84
180 110
133 185
59 140
81 111
89 1
96 95
144 11
76 73
47 144
63 177
136 149
13 180
48 35
71 21
85 161
86 24
75 134
57 68
129 131
135 174
62 184
164 128
94 111
175 191
48 105
22 7
163 31
86 17
194 118
27 181
167 42
121 142
50 171
135 2
124 53
173 59
117 32
1 113
29 172
192 29
155 175
46 141
143 130
133 20
199 31
190 140
177 66
85 160
56 196
14 98
41 161
42 160
88 3
122 26
143 32
70 147
111 9
98 188
2 2
134 152
125 131
100 177
30 116
189 110
2 62
7 151
56 142
104 154
95 119
58 53
193 137
17 149
68 35
158 151
169 63
63 124
78 14
51 186
45 25
128 72
92 121
103 81
57 180
187 61
179 87
150 42
45 83
170 85
85 198
111 5
12 178
66 60
89 25
98 38
75 28
11 168
7 62
95 87
178 182
199 92
127 56
98 27
191 193
23 97
76 160
106 173
112 99
40 131
14 80
197 38
2 178
17 133
25 62
190 59
66 29
196 60
69 42
81 55
111 73
194 111
137 119
94 40
107 88
47 60
132 7
183 24
172 48
91 163
12 181
189 171
160 27
67 32
171 95
173 41
185 143
175 180
165 195
12 151
114 90
3 184
188 117
93 104
44 36
69 112
28 65
46 138
166 85
132 40
118 36
99 170
105 90
68 74
130 102
90 37
171 32
97 48
29 193
196 132
131 62
55 163
88 76
134 165
56 71
193 19
81 29
46 37
193 27
37 52
156 114
150 37
156 111
85 114
196 121
115 93
19 41
139 81
62 109
88 198
61 4
30 95
102 70
78 172
189 77
121 145
71 127
18 22
89 184
85 132
80 93
112 185
99 35
57 144
134 181
8 6
81 31
15 106
119 59
72 191
29 98
127 52
46 6
96 11
128 66
75 195
190 182
101 21
161 23
158 130
102 187
160 25
141 190
178 58
104 86
82 122
1 159
16 176
55 6
130 79
190 71
72 54
66 57
133 174
123 127
184 105
105 26
42 171
137 190
118 17
13 4
93 154
45 36
113 175
89 82
4 167
165 6
155 185
160 106
84 185
45 135
51 87
171 121
58 184
80 167
91 179
83 171
83 142
62 127
12 61
136 89
65 112
156 185
131 188
188 5
88 70
8 62
14 18
174 120
52 141
132 126
71 44
135 4
24 80
138 82
120 45
55 93
110 112
104 196
45 140
32 4
93 192
36 70
112 165
77 153
124 74
168 117
198 72
81 14
20 186
57 71
190 103
157 23
117 130
10 115
47 91
5 21
190 42
144 101
9 92
132 31
168 143
174 166
90 133
168 29
137 190
12 96
33 2
122 158
170 44
40 136
47 108
94 195
28 112
61 39
165 41
100 157
30 89
41 50
26 154
42 161
170 54
67 6
141 197
97 110
171 79
13 91
83 122
157 81
170 60
119 25
130 198
160 146
84 90
113 126
197 137
92 41
186 121
59 99
157 9
189 86
13 24
139 99
192 9
129 162
47 16
160 70
133 193
159 80
70 200
189 159
143 145
114 49
67 164
102 4
91 200
7 19
116 34
178 70
111 74
119 17
160 32
95 160
134 166
121 196
78 84
103 31
38 165
151 84
32 12
74 177
116 32
195 135
153 46
22 195
148 13
106 132
123 16
187 197
167 141
34 77
135 194
39 15
153 164
149 193
42 143
20 179
113 64
188 66
73 33
136 51
170 116
25 176
117 86
92 143
157 17
63 191
104 129
101 25
163 161
8 108
60 101
136 156
130 129
171 8
123 92
179 189
42 188
52 117
104 131
43 30
70 161
31 67
47 95
170 147
91 137
33 159
191 162
1 147
17 122
92 196
38 147
34 195
23 174
168 195
15 143
59 43
148 45
29 198
86 35
170 158
180 88
170 154
158 111
151 91
106 97
70 43
137 52
194 146
28 128
18 33
173 117
174 39
33 146
99 102
162 5
55 145
38 5
190 22
132 42
18 30
93 131
192 188
22 139
69 28
102 122
9 41
68 4
39 9
121 173
182 32
43 137
87 15
182 66
83 133
52 199
182 97
4 162
28 187
153 26
89 15
58 75
184 187
140 86
7 109
162 178
61 5
144 2
3 166
200 67
137 16
151 98
28 31
167 172
61 172
56 186
10 116
12 28
152 102
94 73
185 136
139 68
37 101
3 127
88 38
129 129
183 198
173 77
176 134
136 22
149 35
136 104
138 174
196 147
173 153
58 151
119 62
190 147
124 49
165 5
170 189
52 59
43 155
51 37
27 20
69 69
18 104
158 164
130 24
174 123
51 27
194 130
170 60
61 71
71 117
66 157
180 120
126 168
61 71
129 156
31 146
54 100
174 200
160 172
105 143
88 73
112 163
42 85
149 72
169 24
181 101
186 88
189 100
52 167
40 166
132 191
133 24
198 104
133 137
122 28
122 4
188 104
197 158
109 127
137 59
27 79
35 150
4 183
106 106
194 5
51 76
104 26
148 43
42 13
134 55
81 95
53 102
24 150
168 27
58 59
162 13
123 137
129 39
22 10
5 113
147 189
168 128
62 169
77 187
81 113
3 196
135 86
163 95
12 118
26 22
183 191
121 65
155 168
81 30
89 7
193 46
169 122
38 155
92 39
84 106
183 165
27 200
50 138
96 61
111 155
107 143
3 188
198 71
120 172
29 134
120 91
101 24
143 8
187 98
110 107
21 92
168 93
166 74
81 6
4 26
189 126
130 159
51 162
17 186
159 18
109 109
135 61
134 21
42 124
101 134
194 88
129 112
166 166
110 63
182 27
46 165
136 102
99 79
112 20
70 33
174 88
38 197
100 77
136 184
189 87
197 167
198 44
186 171
156 128
171 15
175 172
181 49
121 177
85 163
111 57
186 164
127 181
131 182
48 76
75 185
24 166
120 2
128 49
133 12
51 119
170 143
173 54
6 37
45 162
98 164
54 135
121 38
160 185
130 147
112 173
48 31
188 152
168 114
95 173
104 96
72 93
94 101
68 120
27 22
23 89
3 108
64 164
89 129
16 158
177 83
188 165
198 92
80 107
109 87
124 156
192 129
5 68
12 165
167 1
79 113
178 121
6 143
79 86
37 154
164 56
32 199
124 31
61 95
49 181
163 65
191 6
184 115
178 67
82 107
56 145
134 30
52 182
191 27
80 17
65 21
165 132
154 200
38 113
106 37
163 87
4 162
114 102
187 56
3 47
72 188
139 159
5 12
17 106
90 132
9 121
167 195
94 49
63 131
94 153
166 132
67 157
151 130
181 80
51 121
119 101
197 183
75 18
85 86
113 22
18 188
171 69
64 69
83 43
131 83
161 79
175 91
34 53
161 38
173 128
23 74
195 118
174 194
138 137
15 44
70 131
77 134
84 55
108 127
5 61
38 127
177 143
107 192
114 152
10 113
134 109
43 177
83 180
101 51
160 1
170 5
138 182
25 4
166 13
121 2
33 2
189 102
93 106
198 73
100 12
151 89
195 72
119 130
97 67
160 154
123 184
57 175
171 112
130 4
24 10
74 43
18 54
143 46
9 49
110 97
129 166
119 182
181 45
16 151
159 5
18 35
188 102
107 32
41 184
105 35
117 118
140 19
85 133
146 199
187 135
68 199
18 36
158 30
13 189
194 80
28 87
82 133
184 88
137 187
119 23
82 42
134 94
59 100
131 192
197 74
199 130
124 4
50 54
44 71
126 22
72 195
27 179
135 172
100 92
92 163
164 94
67 53
82 41
54 60
75 37
171 74
175 93
108 157
135 89
4 133
190 158
10 70
80 69
27 145
129 58
77 75
103 191
109 53
85 18
198 145
77 106
179 76
191 61
123 91
177 129
136 124
37 139
195 139
130 75
168 151
139 108
23 96
165 178
56 88
96 166
40 77
37 108
134 166
148 41
169 93
183 171
126 58
66 128
41 15
128 200
98 7
175 77
11 196
120 15
183 66
49 182
196 8
71 199
138 85
193 50
175 128
118 185
146 180
123 96
141 35
68 116
160 131
152 93
159 177
165 171
72 119
112 114
152 117
101 165
13 58
114 100
143 9
130 11
199 4
2 29
152 110
197 77
126 142
153 74
140 7
159 12
114 77
197 76
114 66
82 48
45 77
150 14
171 155
182 115
59 32
60 200
24 137
194 188
67 89
26 34
126 68
190 56
1 190
191 53
102 77
101 119
143 31
149 15
131 33
6 143
145 15
171 163
8 120
62 3
67 156
100 142
161 147
93 60
19 31
63 165
54 131
90 186
47 94
82 115
169 82
63 99
69 8
193 175
115 186
37 197
88 52
145 41
193 138
187 44
59 146
68 146
195 22
132 180
16 95
5 115
184 40
92 84
93 2
13 168
157 90
30 180
15 91
193 138
34 173
151 3
198 113
150 173
12 143
20 142
142 70
22 184
200 151
42 117
79 148
188 43
195 51
82 88
54 174
51 37
115 103
96 66
178 66
37 99
5 55
73 98
183 98
137 78
83 12
60 199
181 5
32 7
71 111
90 130
27 134
12 15
137 53
194 194
180 49
178 16
99 82
17 30
196 15
117 24
196 151
84 187
24 72
149 141
123 19
164 196
128 71
65 12
167 92
140 85
154 188
88 185
175 142
124 154
155 120
19 101
41 6
94 2
45 122
108 28
87 142
8 68
178 99
156 91
171 66
196 82
144 10
124 178
49 87
154 161
114 127
163 144
127 179
4 9
140 154
70 172
160 60
160 190
44 46
158 116
111 60
116 34
79 173
5 195
41 138
15 110
41 32
74 156
29 165
122 165
182 122
11 174
152 128
189 177
194 6
99 122
105 91
74 83
118 56
37 47
122 113
68 88
30 136
126 172
189 53
176 92
89 22
34 64
136 27
88 67
169 134
24 139
39 193
12 171
164 43
140 30
163 34
197 151
81 79
186 68
183 17
196 200
12 174
80 140
180 120
88 83
133 181
90 176
127 65
98 191
86 170
92 114
134 134
53 73
51 116
45 80
92 130
145 115
31 6
184 45
87 187
102 122
64 38
148 10
83 61
29 192
156 188
185 144
96 132
152 191
56 41
155 55
175 128
94 132
63 169
110 199
183 194
130 111
138 11
1 51
13 154
2 12
35 96
62 164
196 187
69 193
86 198
157 140
28 96
70 113
136 39
139 119
46 75
38 10
5 186
181 64
14 182
127 145
101 160
196 81
16 2
177 132
136 84
131 17
150 156
83 105
63 65
86 133
58 30
95 166
21 157
166 32
158 173
121 191
10 191
168 79
2 13
30 31
19 12
104 103
167 146
12 98
144 62
11 48
79 154
74 187
72 70
37 68
76 191
133 135
126 145
145 88
7 105
114 92
147 167
127 75
131 85
129 37
97 10
163 68
45 170
131 152
71 100
136 130
52 33
54 93
65 154
52 131
22 4
114 20
49 13
150 56
119 66
166 107
124 136
135 55
175 152
83 132
15 29
10 17
200 177
159 142
60 78
138 157
120 102
103 45
160 70
81 188
40 52
16 176
173 64
12 11
165 30
32 97
186 192
40 72
87 14
59 129
191 157
138 59
71 182
198 80
105 78
17 162
81 138
41 126
133 29
136 143
159 156
104 29
181 81
114 17
149 33
117 12
47 32
10 54
91 3
80 14
150 11
15 91
104 45
159 148
2 160
181 81
126 57
153 140
5 129
129 42
90 156
26 188
111 187
117 183
113 24
77 71
38 92
166 23
113 84
18 5
94 72
39 6
36 128
112 74
97 148
24 185
160 32
126 170
178 30
92 200
5 58
137 92
77 132
196 122
34 147
7 24
68 27
65 24
92 50
191 138
11 142
113 47
138 107
145 120
172 75
8 112
116 123
87 170
78 110
107 86
20 100
79 147
116 184
139 198
142 105
86 178
118 63
175 174
141 181
110 37
135 118
131 134
176 40
190 186
99 96
35 32
96 131
20 154
43 22
158 53
194 64
80 82
138 10
47 57
14 57
10 72
18 30
59 2
171 198
99 65
105 57
27 63
106 193
126 56
32 156
73 83
149 171
19 82
183 103
65 172
16 78
169 168
124 48
20 148
159 184
135 48
8 197
22 42
6 128
86 136
63 7
100 168
131 196
111 90
104 2
33 195
115 187
1 103
196 173
192 79
75 185
100 177
164 94
49 61
166 4
160 91
171 20
25 22
188 104
115 44
56 192
124 33
84 182
90 138
149 192
163 70
41 125
170 40
74 139
150 142
177 112
119 119
166 142
6 21
152 164
134 26
82 102
193 13
172 12
50 159
161 108
183 20
61 31
50 86
111 128
150 31
86 65
169 76
79 186
196 185
97 90
143 18
40 80
46 165
99 116
55 176
174 135
92 45
89 14
122 178
146 85
22 105
147 15
109 38
58 136
59 130
145 39
179 193
112 157
151 171
31 91
32 156
143 170
135 160
184 62
53 151
98 50
141 4
49 21
190 114
88 108
27 1
166 104
146 3
127 156
99 75
196 149
80 17
2 109
123 43
8 172
12 13
169 90
114 30
109 7
75 134
60 158
140 11
175 182
67 115
52 47
79 178
90 108
38 11
46 73
146 33
74 187
20 56
51 148
49 74
196 64
101 55
157 26
180 2
51 43
77 115
193 165
70 78
100 9
28 86
74 84
60 196
17 1
159 35
14 18
9 36
60 69
175 180
48 107
20 85
8 124
130 89
75 34
161 13
2 132
120 152
151 85
11 110
1 53
82 61
189 64
108 92
45 16
5 166
194 153
129 56
7 63
67 104
176 26
50 168
84 21
1 48
38 3
8 153
131 23
129 39
43 191
187 72
11 138
56 188
22 119
170 164
122 84
18 104
45 27
30 123
70 146
89 101
131 165
185 149
19 182
73 89
149 198
18 79
122 38
130 200
120 199
164 190
133 87
178 35
75 184
142 190
24 178
154 5
94 128
163 95
36 23
167 112
134 118
175 103
80 70
13 59
99 24
157 133
86 166
66 9
38 81
173 192
12 88
177 123
183 89
100 89
40 69
131 142
37 153
125 129
172 2
6 154
74 199
57 81
33 33
42 82
73 64
174 166
179 165
110 39
100 151
76 30
142 93
3 85
55 46
13 84
11 44
182 111
195 61
96 139
100 188
70 93
140 171
43 187
165 171
165 105
43 152
58 199
35 40
154 80
174 148
109 176
79 189
49 59
23 103
83 184
95 178
85 85
173 146
76 172
200 84
128 45
23 193
86 57
115 165
72 171
36 13
102 130
101 6
174 46
35 159
166 21
25 164
158 106
11 89
114 42
51 145
107 20
47 27
9 3
13 99
82 140
135 47
52 123
46 9
133 97
4 183
160 146
68 21
84 146
58 137
141 54
192 145
11 75
121 44
180 21
10 86
17 87
93 106
131 105
73 151
97 178
30 6
13 145
102 184
155 33
124 154
178 142
129 126
189 156
92 85
31 110
121 183
194 165
98 119
93 43
15 46
117 120
138 63
122 112
198 6
60 68
113 10
151 188
2 130
142 158
32 16
166 152
181 137
182 65
60 132
70 142
158 92
122 75
159 58
194 137
112 137
122 11
193 117
90 200
149 49
124 32
29 124
144 123
98 121
87 69
126 179
13 54
108 76
14 33
99 99
6 117
141 32
42 144
149 116
93 138
29 136
167 45
145 157
40 82
88 126
37 2
39 195
11 23
47 108
35 66
159 61
10 188
33 111
169 81
158 161
165 147
34 58
44 78
111 93
180 41
165 3
36 156
81 183
175 68
156 149
68 190
28 50
6 167
82 166
130 42
149 187
29 131
97 181
168 44
131 170
103 197
22 148
141 12
102 77
85 179
149 32
162 128
16 68
193 155
102 198
109 61
194 1
35 138
56 155
61 185
134 56
169 151
102 21
77 186
46 12
35 199
72 165
112 94
102 149
131 159
107 141
102 118
74 24
187 95
70 6
92 95
7 141
189 60
109 172
129 69
2 45
175 56
6 34
39 69
91 15
97 135
76 92
196 88
130 143
110 157
199 169
78 107
48 89
21 110
119 24
36 185
106 9
89 44
129 18
95 11
135 3
68 116
119 91
105 108
169 145
77 165
117 51
101 56
34 174
35 80
185 139
173 166
185 183
166 193
130 76
199 187
194 5
146 41
1 90
174 121
88 70
55 59
59 150
28 49
133 95
66 66
35 170
195 133
21 135
70 137
113 126
179 24
99 118
133 191
175 6
132 187
146 118
129 188
111 38
138 68
47 42
46 114
16 51
187 20
75 124
132 158
91 90
183 42
109 129
83 56
13 48
171 197
140 74
82 61
33 27
146 37
142 113
108 142
198 13
177 75
29 87
59 165
107 129
73 140
36 137
85 113
159 127
117 95
87 119
139 12
165 107
17 149
55 91
109 81
45 172
100 74
131 1
50 68
144 120
62 186
133 127
111 4
22 20
156 186
149 2
78 174
179 123
144 163
63 63
162 184
64 183
193 155
157 105
96 17
136 76
70 50
183 39
130 119
181 54
135 148
196 106
80 22
10 129
146 126
144 168
184 5
170 39
190 188
98 172
112 97
100 114
170 188
94 181
52 72
133 125
96 115
165 59
133 150
161 91
29 184
84 41
59 143
164 99
182 149
185 107
4 132
198 126
177 177
29 132
47 175
184 105
123 194
40 139
160 163
84 9
75 166
22 67
126 198
165 166
126 46
93 67
89 6
164 73
174 70
7 174
140 56
135 176
129 154
48 31
160 129
95 25
128 100
72 105
195 157
14 15
52 17
36 125
68 61
1 7
51 117
114 171
109 157
23 89
90 164
152 16
104 137
37 195
52 71
189 137
20 11
114 9
22 41
128 71
56 101
186 114
151 69
40 33
138 154
64 193
148 42
195 58
128 41
75 112
179 28
175 102
137 154
15 139
119 136
93 23
97 16
15 51
36 52
69 102
177 13
198 8
43 36
136 150
186 172
33 185
136 70
42 48
192 18
170 75
55 137
194 127
161 168
179 152
138 133
94 105
78 64
113 127
62 23
114 142
12 46
114 194
54 98
62 177
98 19
58 146
119 108
81 178
13 24
197 62
129 190
182 173
115 56
148 164
172 85
146 196
14 12
6 56
59 146
136 147
152 193
20 104
7 121
142 18
107 3
37 177
12 21
119 176
34 93
127 90
131 15
66 171
118 169
42 198
44 58
144 163
194 62
9 107
10 38
17 166
118 123
150 171
5 158
160 1
20 167
84 3
137 180
82 64
143 159
25 125
41 128
43 158
49 175
194 8
93 189
109 140
134 133
155 50
185 79
148 172
184 56
172 95
72 63
73 126
99 63
92 135
7 8
122 120
146 106
38 24
46 171
1 70
187 52
180 150
107 76
80 121
133 121
117 177
39 150
186 121
31 56
170 11
31 88
134 175
123 17
29 136
176 175
77 118
94 3
84 194
157 159
19 194
188 105
11 80
144 89
68 59
110 145
184 133
87 13
98 29
139 34
3 99
20 197
15 154
155 141
10 40
61 197
133 163
150 80
60 51
6 106
16 117
115 195
192 135
153 191
88 121
131 16
52 157
75 78
156 165
31 163
197 12
90 147
16 103
159 70
56 71
43 120
63 59
142 140
193 180
129 13
99 122
112 165
19 73
35 64
64 194
49 92
43 92
107 164
24 93
190 190
67 148
155 151
3 96
68 58
79 25
23 127
134 48
168 111
105 103
40 145
62 75
7 54
66 113
24 94
29 120
171 73
135 185
147 24
115 159
26 151
74 185
162 75
37 140
112 199
128 104
117 179
191 136
156 24
190 196
130 188
109 132
1 146
138 37
27 111
117 186
118 166
145 168
127 44
62 21
127 74
176 62
27 46
6 15
76 96
44 54
105 31
166 66
23 13
66 18
132 103
182 159
164 53
36 197
75 53
132 198
130 111
83 76
141 22
79 152
47 43
154 64
39 196
169 126
150 128
94 121
95 170
176 91
152 19
142 150
48 108
200 103
117 173
8 66
14 170
196 146
129 66
174 146
146 128
50 171
110 122
172 87
150 19
143 67
157 198
171 192
126 92
136 138
140 64
156 105
181 169
108 131
10 42
119 34
156 3
167 54
77 186
92 169
90 44
61 96
114 26
61 54
39 14
93 115
59 193
101 48
112 182
191 101
171 32
200 39
36 89
83 11
195 179
152 179
23 171
162 83
133 118
140 88
108 81
32 147
113 66
103 114
186 29
118 137
142 125
74 134
49 74
33 167
108 189
139 162
161 36
135 69
32 48
66 33
97 176
175 53
122 35
10 13
165 178
54 136
187 94
18 71
103 198
78 174
45 3
147 57
90 187
162 105
84 162
52 104
32 185
174 138
180 8
69 83
55 175
112 168
56 62
25 172
197 69
119 24
12 153
175 175
166 111
183 3
84 46
99 177
94 118
145 193
162 106
151 58
66 167
169 164
26 1
176 16
102 180
74 49
12 141
187 41
151 194
196 110
176 172
172 137
40 55
159 5
42 71
172 6
84 72
3 190
168 88
72 50
103 84
88 98
144 175
87 66
138 57
26 91
46 15
3 140
145 36
138 23
170 71
41 138
78 158
52 48
104 73
165 192
179 77
22 187
45 48
161 82
68 186
147 125
142 72
22 6
131 63
76 140
96 70
132 97
187 95
125 148
120 66
180 32
58 33
119 77
13 163
74 25
79 151
54 101
180 109
137 128
1 26
95 140
190 99
111 156
150 155
150 26
182 160
50 1
139 33
61 94
129 113
164 101
73 100
142 161
76 156
24 154
167 133
84 150
161 18
128 29
76 33
129 38
140 114
189 120
177 173
174 143
126 97
43 166
38 189
84 160
31 33
47 192
198 158
102 104
49 96
77 85
2 119
32 4
107 2
135 133
39 138
90 72
174 192
141 27
78 142
131 57
134 1
53 97
189 30
55 108
63 17
108 196
5 119
83 53
68 39
179 182
74 74
45 22
103 198
144 75
100 120
86 65
44 167
184 184
77 94
185 82
174 3
55 7
142 143
7 103
103 164
6 73
24 74
133 157
81 155
44 88
152 43
50 94
83 54
140 139
66 172
126 12
6 102
103 38
134 162
24 9
89 89
89 112
24 126
68 178
126 24
135 94
19 110
34 186
111 56
34 77
12 173
43 44
3 12
74 132
153 56
156 39
190 175
49 131
153 93
102 153
17 43
41 157
189 30
179 36
78 41
187 105
173 47
126 98
102 34
6 101
128 30
122 28
124 21
131 109
78 167
175 136
116 153
144 5
30 29
68 192
96 181
50 69
200 76
93 174
38 83
165 154
109 53
43 24
195 150
70 90
20 31
8 157
115 76
37 179
179 125
169 25
189 54
55 126
33 152
78 120
152 92
65 42
10 188
72 133
5 130
25 146
163 14
15 75
33 50
162 123
47 172
27 121
182 193
31 135
182 81
90 29
21 4
23 115
139 148
58 46
48 186
117 16
74 175
29 62
185 22
75 110
141 66
109 171
20 143
95 101
92 189
127 185
96 1
118 157
4 57
139 76
49 54
131 183
175 138
97 84
83 94
178 72
37 192
21 37
4 86
69 91
84 168
114 75
87 2
168 13
61 158
36 173
132 124
99 19
47 22
121 148
20 180
133 8
89 166
179 61
137 51
81 135
146 75
56 128
163 3
150 121
64 141
132 90
28 129
171 127
6 185
120 35
173 174
153 81
192 23
181 79
63 28
70 16
166 31
161 68
2 135
166 27
171 150
72 2
16 89
30 200
117 10
139 188
24 60
93 113
129 2
190 47
63 13
179 198
41 114
77 151
131 70
34 149
78 12
176 74
153 91
58 129
93 184
29 4
6 24
73 106
115 184
121 46
173 165
185 165
130 44
189 60
51 125
3 135
102 97
73 166
80 174
27 193
71 140
62 18
117 13
165 26
174 139
41 124
101 150
8 162
137 36
178 178
180 120
198 114
185 29
14 123
133 185
187 38
193 151
68 108
195 126
82 72
39 162
135 105
52 12
156 175
73 105
61 61
164 92
13 123
128 52
98 196
26 109
191 13
82 123
143 172
67 32
58 124
125 52
148 20
44 40
66 120
185 191
180 120
174 111
192 54
13 157
188 174
31 124
17 90
7 147
44 153
5 111
108 62
106 159
129 67
194 27
30 189
62 123
118 191
193 162
175 155
11 64
143 35
